  -1.8000963e+00  -3.7138991e+00
   2.6612554e+00   2.6625448e+00
  -2.2285911e+00  -8.4850562e-01
  -3.2520992e+00  -6.3883446e-01
   3.0642752e+00   2.5489877e+00
   4.6520104e+00   2.2281559e+00
   5.8278851e+00   1.2794598e+00
   2.4736014e+00   1.5068888e+00
  -5.4185888e-01  -2.2460399e+00
   6.3744880e-01   1.7570155e+00
   1.8544065e+00   3.3797574e+00
   1.4323411e+00   3.2471671e+00
  -2.6109766e+00  -3.5988449e+00
  -2.8685893e+00  -3.7779781e-01
   2.3908220e+00   2.1328354e+00
   3.2933860e+00   1.6457688e+00
   2.3627116e+00   2.9092714e+00
   6.8680857e-01   2.1146224e+00
   3.3513014e-01  -2.6181402e+00
  -9.8935236e-01  -4.7979504e+00
  -3.0236451e+00  -2.0066239e-01
  -2.3021753e+00  -2.9141032e+00
   1.0360785e+00  -6.6361026e-01
   2.4133725e+00   6.2710399e-01
   4.6210884e+00   1.6693800e+00
   5.5995314e+00   1.8288969e+00
   7.1081430e+00   7.2920589e-01
   1.6980261e+00   2.8454430e+00
  -3.1669217e+00  -6.5081230e-01
  -1.5618185e+00  -1.7812973e+00
   1.5130424e+00   7.0614587e-01
   1.0280526e+00   4.5958938e-01
   5.8370587e+00   2.8498185e+00
   2.2685202e+00   2.2986919e+00
  -1.8382279e+00  -4.8190200e-01
   1.8846142e+00   3.7311615e+00
  -3.7398978e+00  -1.2218513e+00
  -2.0919591e+00  -1.8882242e+00
  -2.0783564e+00  -2.8242083e+00
   2.1324073e+00   1.8691031e+00
  -3.7744093e+00  -2.4118716e+00
   2.0328207e+00   2.0752044e+00
  -1.1480807e-01  -2.7795864e+00
   5.7419826e+00   1.1818576e+00
   2.1927849e+00   2.1473863e+00
   4.6429084e+00   1.5586551e+00
   3.4315328e+00   3.0099381e+00
   2.6400075e+00   1.5106680e+00
  -3.2864839e+00  -8.5683716e-01
   3.3817858e+00   2.9084207e+00
   5.0984609e+00   1.8365808e+00
  -4.5938505e-01  -4.1792067e+00
  -3.4886550e+00  -1.0833879e+00
   8.6824259e-01   1.3315488e+00
   3.0533948e-01   1.7311254e+00
  -2.2398660e+00  -1.2660637e+00
   2.5775585e+00   2.6544424e+00
   1.1669024e+00   5.4716370e-01
   3.1937174e+00   2.7505673e+00
  -1.2520429e+00  -1.3148148e+00
   1.8739612e+00   3.1564487e+00
  -1.1138800e+00  -2.4719882e+00
  -3.3966982e-01  -1.0241849e+00
   3.5202997e+00   1.8784825e+00
   2.4955920e+00   2.1387109e+00
   3.1946834e+00   3.7690667e+00
   1.8544085e+00   1.9310122e+00
   1.3466596e+00   2.8064423e+00
   2.2775010e+00   2.8730174e+00
   1.8105565e+00   2.7363768e+00
  -1.7690709e+00  -3.9297261e-01
  -1.6245399e+00  -2.1127642e+00
   1.6069059e+00   2.4858417e+00
  -3.0429275e+00  -1.1276383e+00
   4.7587737e+00   1.9686568e+00
  -1.8719631e+00  -2.8018111e+00
   3.8629918e+00   3.1062431e+00
  -2.0488372e+00  -2.0454406e+00
   1.2886519e+00   2.6995749e+00
   2.6377506e+00   3.8972647e+00
  -2.4478715e+00  -2.7600780e+00
   1.4010870e+00   1.7444817e+00
   1.7948376e+00   2.2350670e+00
   9.1551888e-01   4.2591687e+00
  -1.8343343e+00  -1.8555733e+00
  -1.3132247e+00  -3.1462385e+00
  -7.6111123e-01   6.2113752e-01
  -2.2008481e+00  -1.4745398e+00
   9.5756460e-02  -1.4525477e+00
   6.6968957e+00   1.0543891e+00
   4.6128753e+00   2.2165296e+00
  -1.8895690e+00  -7.2258146e-01
   7.0525790e+00   3.4428470e+00
  -5.9367688e-01   1.7604457e-01
   3.3819813e+00   2.3168328e+00
   2.9360227e+00   1.4036540e+00
   1.6345952e+00   1.3563478e+00
   1.8058958e+00   2.8085534e+00
   5.7422014e+00   1.7994794e+00
  -2.3088660e+00  -3.3637876e-01
  -3.0245680e+00  -3.4373703e-01
   4.4376701e+00   3.2329604e+00
   7.0584415e+00   1.3930014e+00
   2.8591542e+00   3.1218143e+00
   8.2217241e-01   1.8790244e+00
   4.3240291e+00   1.3354398e+00
  -6.4760126e-01  -2.6754556e+00
   3.9685892e+00   3.0167742e+00
   4.7623422e+00   2.3570309e+00
   2.0787013e+00   1.9720122e+00
   2.5938733e-01   1.9583997e+00
   5.8500033e+00   1.6543959e+00
   1.7215102e+00   2.6564784e+00
   4.8244578e+00   1.0746829e+00
   7.4730802e+00   1.8878347e+00
   2.0193700e+00   2.2291933e+00
   5.6633872e+00   1.2195419e+00
   3.0319340e+00   5.2574387e-01
   3.3216737e+00   1.6801025e+00
   2.0242020e+00   6.2056687e-02
  -2.2756345e+00  -2.8369783e+00
   4.9258240e+00   1.6799619e+00
   5.1436940e+00   2.0703076e+00
   1.6831620e+00   1.9417936e+00
   3.7559384e+00   1.5991602e+00
  -3.9597436e+00  -3.2579827e+00
   1.5931164e+00   4.6220473e-01
  -1.5686437e+00  -1.9668623e+00
   1.9283469e+00   1.4849589e+00
   2.3477824e+00   6.3526180e-02
   1.1938841e+00   1.7451219e+00
   5.8001079e+00   2.5980888e+00
   4.2946048e+00   9.4365762e-01
  -6.1514821e-01  -2.2313733e+00
   2.1001765e+00   3.0208843e+00
   2.3107807e+00   1.7428707e+00
   1.7421453e+00   1.2974571e+00
   5.4370564e+00   2.0308656e+00
   3.8846622e-01   9.5043768e-01
   6.3448174e+00   2.0330258e+00
   2.3212526e+00   1.0598492e+00
   8.0249704e-01   2.3928737e+00
   5.8028187e+00   2.3854912e+00
   6.6229301e+00   3.2229109e+00
  -1.8521963e-01  -2.0212182e+00
   8.1762136e-01   3.5794149e+00
   3.5742177e+00   8.3327295e-01
   1.7908073e+00   2.6942468e+00
   1.7296468e+00   1.7581072e+00
  -1.5374553e+00  -1.5017386e+00
   2.4642863e+00   2.2302571e+00
   5.8047553e+00   3.3841823e+00
   4.0276911e+00   3.7996195e+00
  -4.1149291e-01  -1.9157733e+00
  -1.4398169e+00  -2.1976239e+00
  -2.3043729e+00  -2.6659302e+00
   3.0268298e+00   1.3490138e+00
  -1.4239555e+00  -2.6997390e+00
   5.0886735e+00   2.5857502e+00
   2.8028014e+00   4.1396928e+00
  -2.6691677e+00  -1.4590027e+00
  -1.2091759e+00  -8.4226677e-01
   5.7534762e+00   1.6320964e+00
   2.3716653e+00   1.9255349e+00
   4.3386199e+00   1.3098673e+00
   2.5027594e+00   2.0918186e+00
   1.6140381e+00   2.5921270e+00
   2.2733446e+00   2.6177508e+00
   6.7374283e+00   1.5526846e+00
   1.9001968e+00   2.3394795e+00
  -1.5354809e+00  -1.3172027e+00
  -1.1732432e+00  -2.6245049e+00
   1.0949691e+00  -2.3588104e+00
   3.1681956e-01  -2.5830045e+00
   3.4817246e+00   7.4548823e-01
  -2.3922497e-01   1.9635806e+00
  -2.1934046e+00  -2.9349041e+00
   2.3925020e+00   3.0511509e+00
   4.3760029e+00   3.4846635e+00
   2.0056252e+00   2.2903375e+00
   5.3928239e+00   1.7857512e+00
   1.7964196e+00   3.0662611e+00
   1.9241751e+00   2.5600579e+00
   3.3082253e+00   1.9868476e+00
   2.5309933e+00   9.1783012e-01
  -3.4606650e+00  -2.6904249e+00
  -2.2997552e+00  -3.2650281e+00
   1.6969918e+00   2.1087675e+00
   3.5076234e+00   3.5211522e+00
  -1.9811578e+00  -2.4118479e+00
   1.1615238e+00   6.2295410e-01
   1.2705941e+00  -1.0079779e-01
  -2.2355596e+00  -1.9821698e+00
  -1.8737169e+00  -1.2276310e+00
   2.1387727e+00   2.0141152e+00
   7.4321310e+00   2.8608277e+00
   5.5090658e+00   1.8999895e+00
   5.7552285e+00   1.5586594e+00
  -1.8958061e+00  -1.5206272e+00
   5.0569920e+00   2.3686694e+00
   1.3272793e+00   1.6943966e+00
   8.8744216e-01   1.0385501e+00
   4.3733365e+00   1.4758790e+00
   4.1760776e+00   1.3853204e+00
   2.9229446e+00   1.8723112e+00
  -4.9192703e-01  -4.9426449e-01
   1.8011674e+00   1.9090371e+00
  -2.3571456e+00  -3.9678496e+00
  -2.3157984e+00  -1.4202894e+00
   5.2065985e+00   1.8382490e+00
  -1.5599668e+00  -1.4242498e+00
  -8.9622575e-01  -2.8891348e+00
   4.8996252e+00   1.1292350e+00
   3.5250078e+00   2.0482652e+00
   6.7757065e-01   1.8886433e+00
   3.4503959e+00   2.7018411e+00
   6.8458696e+00   2.7237601e+00
   1.3141057e+00  -2.6816612e-01
  -2.3357092e+00  -2.0535270e+00
  -2.3938473e+00  -1.8990772e+00
   9.1407780e-01   4.0848765e+00
  -1.8567141e+00  -2.2561078e+00
   4.7332309e+00   2.5294992e+00
  -2.9272012e+00  -1.7222969e+00
   3.4187035e+00   3.7271634e+00
   1.5974807e+00   2.9080857e+00
  -3.4396766e+00  -1.1678241e+00
  -2.5268591e+00  -2.4494428e+00
   1.8054273e+00   2.7552862e+00
  -4.1073829e+00  -1.9792639e+00
   1.8414070e+00   1.0847849e+00
  -1.4014692e+00  -2.1828327e+00
  -6.2499707e-01  -2.6948326e+00
  -3.2871667e+00  -1.1674713e+00
  -2.6752696e+00  -1.9584436e+00
   1.1480393e+00   9.4320089e-01
   3.0939162e+00   2.3680821e+00
   4.4692184e+00   2.1030043e+00
   2.3150257e+00   8.7007019e-01
  -3.8573998e-01  -2.6891144e+00
  -1.4301698e+00  -2.5012005e+00
   4.5954647e+00   1.6136457e+00
   2.6699196e+00   1.6547177e+00
  -2.5660593e+00  -2.9528075e+00
  -1.8673879e+00  -2.4732357e+00
   2.5777153e+00   2.5707952e+00
  -2.6668675e+00  -2.5056144e+00
   2.8240539e+00   1.3180657e+00
   5.0348861e+00   1.1317778e+00
  -2.6598143e+00  -2.3058414e+00
   2.3766784e+00   9.9180998e-01
  -2.9827543e+00  -1.4063854e+00
   2.2631824e+00   2.2519673e+00
   4.8013127e+00   9.5729309e-01
   1.4298418e+00   6.2082539e-01
   5.7764854e+00   1.5774039e+00
   5.4847836e+00   1.3314887e+00
   6.2081807e+00   7.5109478e-01
   3.0714032e+00   3.0760107e+00
   5.2015866e+00   3.4074051e+00
   2.2309871e+00   2.0602916e+00
  -1.0210182e+00  -1.5324621e+00
   1.3452989e+00   1.3617999e+00
   1.0089672e+00   3.4212939e+00
   6.2318507e+00   2.6268864e+00
  -2.1955194e+00  -3.7328122e+00
   5.6662442e+00   2.1165826e+00
   3.7415444e+00   5.2387473e+00
   1.6645387e+00   1.7226034e+00
  -1.3531829e+00  -2.9091656e+00
  -1.3261471e+00  -1.1092461e+00
   6.1893762e+00   8.6734049e-01
  -4.0096080e+00  -3.3037388e+00
  -4.4028983e-01  -5.5276677e-01
   9.6949035e-01   2.3009900e+00
  -2.2965975e+00  -1.3649419e+00
   8.4933145e-01   2.2094906e+00
  -1.3891202e+00  -1.7255045e+00
   2.4892235e+00   2.6040772e+00
  -5.9274088e-01  -1.1717600e+00
   5.6180078e+00   1.9370173e+00
   1.1101802e+00   9.8373607e-01
   1.7026081e+00   2.0984937e+00
   1.5558751e+00   2.3039390e+00
   7.7337630e+00   1.7471247e+00
   1.7987518e+00   2.6073594e+00
  -1.5880238e+00  -2.7688155e+00
   2.9176598e+00   2.2827609e+00
  -3.2558442e-01  -1.8204623e+00
   6.1957686e+00   1.7747017e+00
   5.3159738e+00   2.6231765e+00
   3.1563889e+00   2.9543593e+00
   2.2355349e+00   2.0484485e+00
   2.3810125e+00   1.8212242e+00
  -2.0191402e+00  -2.0146785e+00
   5.5733799e+00   1.5089505e+00
   8.4255228e-01   2.1916420e+00
  -2.1551008e+00  -2.4031493e+00
   8.4325414e-01   3.2593228e+00
  -7.6818488e-02  -1.5543913e+00
  -9.9482427e-01  -1.4070342e+00
   5.7105528e+00   2.7479703e+00
  -1.8309408e+00   1.2211499e+00
  -2.8484604e+00  -1.6746951e+00
   5.8314258e+00   3.2313268e+00
   6.4091234e-02  -2.2626663e+00
  -3.5623995e+00  -2.4169332e+00
   1.9476557e+00   2.5129295e+00
  -1.4307238e+00  -2.8825862e+00
   1.6044936e+00   2.3284647e+00
  -1.5171962e+00  -2.7666195e+00
   1.2343978e+00   1.9827954e+00
  -4.6195125e+00  -6.0065284e-01
  -1.5223569e+00  -1.0257185e+00
  -1.2764418e-01   1.1961339e+00
  -1.9691578e+00  -7.6475974e-01
  -2.0956520e+00  -1.7028376e+00
   1.6839135e+00   4.7163984e-01
  -3.1828364e+00  -2.7213267e+00
   1.9665667e+00   1.1826969e+00
  -2.6167817e+00  -1.9967939e+00
   2.2497551e+00   1.8233485e+00
  -1.5037954e+00  -4.0792037e+00
   1.7336202e+00   3.7176237e+00
  -5.1920590e-01  -3.2052760e+00
  -2.6112981e+00  -1.4857624e+00
   6.3268561e+00   1.9106286e+00
   5.4715162e+00   1.3278239e+00
   3.1324120e+00   1.7278236e+00
  -7.6368374e-01  -2.4853008e+00
  -1.3694021e+00  -2.3389835e+00
  -2.5081870e+00   7.8733003e-01
   5.4645474e+00   1.3643599e+00
  -2.1934413e+00  -1.0656296e+00
   4.3781580e+00   2.7008797e+00
   3.7250845e+00   2.3596571e+00
  -1.0489265e+00  -2.3795589e+00
   6.7170132e-01  -3.0190566e+00
   2.1628826e+00   1.5382556e+00
  -1.4169208e+00  -2.3827686e+00
   6.0920643e+00   1.2696072e+00
  -4.6937145e+00  -2.3170287e+00
   4.7211884e+00   2.2632748e+00
  -1.2750409e-01   2.3341601e+00
   6.5522960e+00   1.5618659e+00
   4.1968616e+00   1.1859575e+00
   1.5986787e+00   1.4972087e+00
   6.0443249e+00   2.6593672e+00
  -1.6422011e+00  -2.7324307e+00
  -4.3986211e+00  -2.9488636e+00
   2.1943549e+00   3.3275841e+00
   2.0126152e+00   1.5605537e+00
  -2.8748461e-01  -3.7244298e+00
   5.2868870e+00   1.4410496e+00
  -9.2034521e-01  -1.0915312e+00
   1.3223965e+00   2.3879280e+00
  -3.0655948e+00  -1.8279806e+00
   5.7463569e+00   1.6703075e+00
   5.9999915e+00   1.5940226e+00
  -3.5408144e+00  -7.1623300e-01
   6.6004334e+00   4.3962297e+00
   5.1372204e+00   2.5661108e+00
  -2.2827437e+00  -3.6971575e+00
   2.3934837e+00   2.7194997e+00
   6.7171185e+00   1.8024800e+00
   1.3889116e+00  -3.9421810e-01
  -9.1768559e-01  -2.9647097e+00
   2.5328137e+00   1.0269645e+00
   3.5150024e+00   1.3888911e+00
   1.6093632e+00   1.9985459e+00
   6.3003908e+00   1.6226747e+00
   2.9118648e+00   2.4418700e+00
   1.6585539e+00   1.8910128e+00
   2.9202524e-01  -1.2023170e+00
   4.2330945e+00   2.0714406e+00
  -2.5688637e+00  -8.7462372e-03
   1.2055010e+00   2.2268926e+00
   6.3466030e+00   1.3687582e+00
  -4.9207372e-01  -1.8016700e+00
  -2.4162674e+00  -1.5717831e+00
   6.5437226e+00   2.6199640e+00
  -6.8198829e-01  -2.5422448e+00
   4.7620204e+00   1.7226004e+00
   2.3028584e+00   2.2546788e+00
   2.6994129e-01   1.9269239e+00
   2.0995978e+00   3.0881658e+00
  -1.9411062e+00  -4.7793282e-01
  -9.6388252e-01  -3.2945527e+00
  -2.4643153e+00  -1.9661402e+00
  -1.4809247e+00  -2.6994681e+00
   6.6619895e+00   3.1961815e+00
  -9.8883790e-01  -5.9805574e-01
  -2.7162209e+00  -1.7087221e+00
  -1.9734302e+00  -2.1169970e+00
  -2.9751833e+00  -3.8576872e+00
   5.9260971e+00   2.4105066e+00
  -2.3305088e+00  -2.7960360e+00
  -2.2416305e+00  -1.9104248e+00
   6.0017409e+00   2.9889078e+00
   5.6765930e+00   1.8700077e+00
  -2.8594909e-01  -2.9096345e+00
  -2.9388872e+00  -3.8766990e+00
  -3.8604289e+00  -2.4996086e+00
   2.3066749e+00   1.6692388e+00
  -1.7721611e+00  -1.6177041e+00
   4.5462922e+00   1.7114345e+00
   1.9718891e+00   1.1750014e+00
  -1.1493557e+00  -2.4895416e+00
   5.5444116e-01  -6.6365686e-02
   2.6102439e+00   9.6624357e-01
   7.1040073e+00   1.9262271e+00
  -3.2028736e+00  -8.1987311e-01
   3.7781065e+00   2.0017135e+00
  -2.6079903e+00  -2.6524733e+00
   1.6109360e+00   3.5603299e+00
   4.2347184e+00   2.3683354e+00
  -2.7962139e+00  -2.1284991e+00
   1.2555379e+00   2.7638526e+00
   5.6506597e+00   1.5940148e+00
  -8.8322978e-01  -3.9748660e+00
   3.2921751e+00   1.6989810e+00
  -1.1929549e-01  -8.6192124e-01
  -3.0122246e+00  -2.1013942e+00
   1.6296484e+00   3.8279097e+00
   1.1499816e+00   2.7321992e-01
   8.0270785e+00   1.8920224e+00
  -3.2482383e+00  -2.9665431e+00
   7.4907302e-01   1.9982300e+00
   2.7035844e+00   2.1797427e+00
  -1.9746143e+00  -1.8659563e+00
   2.8653975e+00   1.9633421e+00
  -3.7441478e+00   3.6873113e-01
   2.5688763e+00   1.4983556e+00
   6.7522269e+00   2.0484379e+00
   5.8871158e+00   2.0872751e+00
   3.9536552e+00   3.3275230e+00
   5.3778029e+00   2.4544039e+00
   4.8549862e-01   3.5228098e+00
   2.7687762e+00   2.9339297e+00
   5.3839303e+00   3.0746997e+00
   4.2314683e+00   2.0588610e+00
   4.7820475e+00   2.3735378e+00
   5.7996212e+00   2.0713306e+00
  -2.6167470e+00  -2.0363018e+00
   2.2794258e+00   6.7924527e-01
  -3.3429668e+00  -1.5066260e+00
   6.3799690e+00   2.2219667e+00
   1.9163246e+00   1.6058407e+00
   2.1450003e+00   3.2255956e+00
  -3.2319351e+00  -3.3248745e+00
   2.5479880e+00   1.9889713e+00
   4.6756688e+00   2.5345718e+00
   1.5398197e+00   1.7826355e+00
  -1.8784835e+00  -3.2139892e+00
  -2.8099475e+00  -2.9554157e+00
  -1.7919972e+00  -3.0988185e+00
   1.6250141e+00   2.0307336e+00
  -1.9531160e+00  -3.2313231e-01
   3.7366259e+00   3.0362241e+00
  -1.3120548e+00  -1.2199821e+00
  -1.9870386e+00  -1.7597755e+00
  -1.8268018e+00  -2.5274136e+00
   3.9869981e+00   1.2564802e+00
   1.3861541e+00   1.2855763e+00
   6.4999937e+00   2.4300851e+00
   6.5001094e+00   1.1680102e+00
   4.3980450e+00   1.3820523e+00
   4.6736580e+00   2.2572356e+00
  -2.7123707e+00  -1.7778107e+00
   2.4192363e+00   1.0108155e+00
  -1.5407087e+00  -8.6868403e-01
   2.2384633e+00   3.0129701e+00
   1.5860243e+00   1.2309861e+00
  -5.2384527e-01   3.2114202e-01
   2.8167725e+00   2.3311372e+00
  -4.0755140e-02  -3.1272930e+00
   5.6555178e+00   2.8137944e+00
   3.2485818e+00   3.1984313e+00
   1.9884941e+00   2.6573041e+00
   3.6743379e+00   2.3732973e+00
   1.0088118e+00   1.9851570e+00
  -1.9925502e+00  -2.6830665e+00
   2.5997727e+00   2.7093194e+00
   3.9314661e+00   1.1934573e+00
   3.2341835e+00   1.8355731e+00
  -2.5724075e+00  -3.1717533e+00
  -1.3149656e+00  -2.2376207e+00
   7.0069182e+00   6.9548252e-01
  -3.2884868e+00  -5.1791056e-01
  -1.7939682e+00  -9.6359850e-01
   2.3542253e-01   3.6559045e+00
   4.7008660e+00   2.6116644e+00
   2.0559531e+00   4.1517689e+00
  -2.7479860e+00  -3.9292829e-01
   1.5282877e+00   1.3662402e+00
   1.8957289e+00   2.0811786e+00
   5.5386221e+00   2.3429143e+00
   1.0608547e+00   2.6400632e+00
   3.0467744e+00   2.4568691e+00
   1.9948003e+00   2.0870163e+00
