   2.3904205e-01  -2.9740803e+00
  -3.8367093e+00  -2.2398962e-01
   6.0604362e+00   2.0503862e+00
   1.4509018e+00   1.3068472e+00
  -1.3709572e+00  -1.0947013e+00
  -1.1985601e+00  -1.8055598e+00
   6.4170859e+00   6.8253999e-01
   5.4698929e+00   7.4808704e-01
  -1.6355258e+00  -3.9977626e+00
  -3.0944454e+00  -2.2544130e+00
  -1.9528468e+00  -7.4621730e-01
  -1.4863247e+00  -2.0546282e+00
  -3.2185628e+00  -3.5327959e+00
  -7.3430215e-02  -2.1564989e+00
   2.0105033e+00   4.3417563e+00
   1.8915659e+00   2.3815511e+00
  -3.3379064e+00  -2.1162285e+00
  -2.3215831e-01  -2.2059951e+00
  -1.3287280e+00  -5.4281439e-01
   6.3984051e+00   1.7200158e+00
  -4.6041945e-01  -1.4216789e+00
   1.7850109e+00   2.6055253e+00
  -1.3293866e+00  -1.7428134e+00
   2.7117597e+00   1.2594174e+00
  -1.5616624e+00  -2.3726497e+00
   7.3358298e+00   2.2921128e+00
  -1.3450724e+00  -1.7107589e+00
   5.6503385e+00   3.5561078e+00
   3.6762382e+00   1.4128208e+00
   4.7954420e+00   2.2366077e+00
   6.5747999e+00   1.9580244e+00
  -1.8480471e+00  -1.7290560e+00
   3.2479622e+00   2.3988530e+00
  -9.2078138e-01  -2.0364674e+00
   2.4128719e+00   2.1724339e+00
  -3.3149365e+00  -2.4185393e+00
   1.3106493e+00   6.9896695e-01
   1.4893996e+00   3.2321955e+00
   5.2833393e+00   1.0060542e+00
   2.7318310e+00   1.5869565e+00
   5.0183402e+00   1.4400576e+00
   4.6338970e+00   2.4081797e+00
   1.2876780e+00   3.0273811e+00
  -6.4094114e-02  -2.0642234e+00
   2.9917796e+00   2.9019607e+00
   3.1598461e-01   1.8669176e+00
   5.9727451e-01   2.4666516e+00
   2.7334414e-01   9.7277362e-01
  -1.5551737e+00  -2.7056257e+00
   2.7560920e+00   3.0260776e+00
  -2.4603660e+00  -6.4797455e-01
  -3.2625911e+00  -4.3976464e+00
  -1.7411981e+00  -1.6432561e+00
   4.6247901e+00   2.1153707e+00
   2.7994058e+00   1.4413991e+00
   2.4847381e+00   1.6640690e+00
  -1.8214145e+00  -3.6290407e+00
   2.3809763e+00   2.7546257e+00
  -1.8538933e+00  -2.6134338e+00
   1.4852062e+00   1.3265600e+00
  -1.7030674e+00  -2.6461611e+00
  -2.6890006e+00  -1.0867946e+00
   1.1813448e+00   1.9010102e+00
   1.6289920e+00   3.2670264e+00
   1.4900586e+00   2.1074976e+00
   2.0772253e+00   1.4636300e+00
   2.0081896e+00   3.2622563e+00
  -2.7818463e+00  -1.0537957e+00
  -1.5903571e+00  -1.5922363e+00
   3.0124103e+00   2.1351386e+00
   3.1743576e+00   1.9666287e+00
  -2.2183692e+00  -2.9035414e+00
  -3.5080040e+00  -2.4139808e+00
   3.2262564e+00   3.4242455e+00
   2.0756684e+00   1.5256214e+00
   4.6909800e+00   1.3863093e+00
   7.4365024e+00   1.2562265e+00
   5.7489589e-01   5.9615502e-01
   8.9473024e-01   3.6480129e+00
   4.0419755e+00   2.1326439e+00
   1.0740667e+00   2.1628421e+00
   4.2637644e+00   9.0974177e-01
   5.3281966e+00   3.4585803e+00
   2.5398234e+00   3.1148247e+00
   2.1615467e+00   1.3521781e+00
   2.6097652e+00   2.4894157e+00
   3.8319018e+00   2.3942868e+00
  -3.7649330e+00  -1.7233166e+00
   2.0515042e+00   9.3470316e-01
   1.6538152e+00   1.4446427e+00
   4.8277297e+00   1.7332885e+00
   2.9945026e+00   1.2978659e+00
  -8.5463900e-01  -3.4576252e+00
   5.3241031e+00   3.2267237e+00
  -3.0006083e+00  -1.6668999e+00
   5.3021096e+00   1.3659876e+00
  -2.3928562e+00  -1.7069717e+00
  -2.6955896e+00  -2.1627656e+00
   2.6146319e+00   1.1458443e+00
  -2.0199805e+00  -1.5850567e+00
   3.2403821e+00   1.2743387e+00
   3.7735592e+00   6.3389886e-01
   2.4914712e+00   1.7183226e+00
   1.6400559e+00   1.5665352e+00
  -4.8908081e+00  -1.0172691e+00
   1.2589604e+00   2.5424225e+00
  -7.5348346e-01  -1.9998499e+00
   2.2477650e+00   1.7320961e+00
  -1.3658007e+00  -5.1354850e-01
   5.0594962e-01   7.0741478e-01
   5.0460171e+00   1.7858826e+00
   2.1589998e+00   3.2968895e+00
   1.3883867e+00   8.8245274e-01
   3.3671603e+00   6.3735737e-01
   2.3308980e+00   2.0687405e+00
  -9.3048685e-01  -1.5818736e+00
  -1.7303790e+00  -2.7056441e+00
  -3.4823194e+00  -2.3761398e+00
  -1.4585803e+00  -1.0053387e+00
   7.5258875e+00   3.4698587e+00
  -2.1259151e+00  -2.9586781e+00
  -1.7165082e+00  -3.2122406e+00
  -1.9181358e+00  -1.8882003e+00
   1.7636024e+00   2.3938979e+00
   1.7403512e+00   1.8217423e+00
   5.0726506e-01   1.5879355e+00
   1.2662923e+00   1.2989109e-01
  -2.7226957e+00  -2.1764554e+00
   5.0625417e+00   1.8338713e+00
   1.5255891e+00   2.0289814e+00
   5.7961886e+00   1.3378149e+00
  -1.3996810e+00  -2.4645800e+00
  -2.1763375e+00  -1.6617766e+00
  -1.1373560e+00  -2.5663798e+00
   4.7123343e-01  -8.1070557e-01
   3.5250772e-01  -1.1670358e-01
  -1.4525922e+00  -1.9711902e+00
   5.8424031e+00   1.6849090e+00
   5.1242828e+00   9.1889546e-01
   2.9820454e+00   9.1968077e-01
  -2.3848562e+00  -2.2414597e-01
   3.0644182e+00   3.3370420e+00
  -2.7796967e+00  -7.4222204e-01
  -2.4745139e+00  -1.4601835e+00
  -3.4346371e-01  -1.6791170e+00
   2.0886895e-01   2.7728871e+00
   1.5348425e+00   2.7266673e+00
  -4.5379122e+00  -1.8909871e+00
   1.6262700e+00   2.4176993e+00
   2.7116899e+00   9.8677056e-01
  -2.2263766e+00  -3.1977363e+00
  -9.7916392e-01  -2.5042199e+00
   2.0023597e+00   9.9650659e-01
   5.9853708e+00   2.5164800e+00
  -1.7216104e+00  -2.1428917e+00
   3.5178266e-01   2.3147822e+00
   3.2493203e+00   2.1774678e+00
  -1.9281660e+00  -3.2330307e+00
  -1.9327220e+00  -2.9208187e+00
   3.2920154e+00   2.7109342e+00
   1.6366052e-01   3.0645113e+00
   2.5331654e+00   1.1599258e+00
  -2.0628987e+00  -7.1496361e-01
  -3.2492882e+00  -2.2060338e+00
   4.5839933e+00   2.1551426e+00
   2.0368243e+00   1.5598759e+00
   1.6173023e+00   1.3557756e+00
   1.1874946e+00   1.1002275e+00
   4.6591464e+00   1.3880355e+00
   3.6223316e+00   1.7881817e+00
   3.4228021e+00   2.3983777e+00
  -1.5283916e+00  -1.2275003e+00
   6.0575139e+00   3.5820721e+00
   6.1420625e+00   2.0297493e+00
  -1.2758923e-01   2.2514319e+00
   4.8098435e+00   3.0404497e-01
  -4.4848946e+00  -3.1831909e-01
  -1.2220081e+00  -1.0827417e+00
   2.3964184e+00   2.4654838e+00
   1.6434538e+00   2.0894877e+00
   4.4172787e+00   1.5487720e+00
  -1.5434383e+00  -1.3690755e+00
   1.4111717e+00   1.7474774e+00
   2.8602792e+00   2.6405714e+00
   4.0434176e+00   3.1405051e+00
   2.7173164e+00   4.0120496e+00
  -3.4300424e+00  -4.6570792e-01
  -3.0722698e-01  -2.0134154e+00
  -2.7338083e+00  -2.0419020e+00
   1.9724708e+00   2.5566521e+00
  -7.3920428e-02  -3.0047910e+00
   2.1395889e+00   4.9842626e+00
   5.2354584e+00   2.3101832e+00
   2.0541081e+00   2.2181851e+00
  -3.2731913e+00  -1.8038106e+00
   3.1177130e+00   9.0847069e-01
   2.4265652e+00   1.9688042e+00
   4.6983906e+00   2.7780073e+00
  -2.4277794e+00  -8.5656429e-02
   2.5197401e+00   1.7103446e+00
  -2.0131408e+00  -3.0983667e+00
   2.7369998e+00   2.0752903e+00
  -1.7905909e+00  -2.0802053e+00
   4.6917998e+00   2.4088003e+00
   8.7224371e-01   1.3364008e+00
   1.8381984e+00   1.8498179e+00
   1.2989077e+00  -2.6782145e-01
  -2.1056184e+00  -1.9435669e+00
  -1.7392433e+00  -2.7129243e+00
   4.1409719e+00   1.0644930e+00
   5.1818126e+00   7.3706441e-01
  -2.4800244e+00  -6.0564054e-01
  -2.5331569e+00  -2.7719192e+00
   5.8591089e+00   1.8545039e+00
   2.2267909e+00   2.5167599e+00
  -1.2815646e+00  -1.5665330e+00
   1.9057008e+00   1.8524560e+00
   4.6880826e+00   1.5963672e+00
  -1.8791485e+00  -1.4095271e+00
  -3.1122655e+00  -1.5720023e+00
  -2.9322500e+00  -2.1690805e+00
   6.3725166e+00   2.2089226e+00
   1.8854645e+00   2.1555467e+00
  -1.3557509e+00  -1.7962923e+00
   3.4884239e+00   2.9390176e+00
  -2.2385888e+00  -7.5597420e-01
  -2.0704478e+00  -2.3643990e+00
   1.8633312e+00   1.8878147e+00
   4.2980546e+00   2.3731680e+00
  -2.6895324e+00  -1.4016253e+00
   1.9497966e+00   2.5901241e+00
  -3.4834791e+00  -1.8405620e+00
   1.3022476e+00   1.9655574e+00
   2.6775163e+00   2.3390234e+00
  -3.4190163e+00  -1.6024400e+00
   1.2880767e+00   4.7543974e-01
   3.4207093e+00   2.1557216e+00
  -1.9983055e+00  -7.9299452e-01
   2.1514975e+00   1.4758810e+00
   6.5995302e+00   2.1092795e+00
   3.8148685e+00   7.5316634e-01
  -2.0850272e+00  -1.5275837e+00
   1.4421461e+00   1.9421524e-02
   1.1938643e+00   1.7403070e+00
  -2.8767774e+00  -2.0003003e+00
  -1.2006345e+00  -1.7309941e+00
  -5.6448961e-01  -2.4324519e+00
  -2.9645106e+00  -4.4770304e+00
  -2.1739720e+00  -1.3463250e+00
  -1.2361821e-01   1.2896976e+00
  -1.4554917e+00  -1.5242577e+00
   2.7295599e+00   3.2315969e+00
   8.7377214e-01   2.8060099e+00
  -1.0844542e+00  -3.6355453e+00
  -2.4936458e+00  -2.0737599e+00
   1.8540224e+00   1.5585745e+00
  -4.9716760e-02  -2.9943115e+00
  -8.2728924e-01  -2.5509383e+00
   6.2251039e+00   1.3577022e+00
  -9.9915290e-01  -2.9319754e+00
  -2.8899492e-01   2.5854635e+00
   1.5455106e+00   1.8006226e+00
   4.8336275e+00   1.5764551e+00
  -3.4013976e+00  -1.2549691e+00
  -2.2870922e+00  -2.0499309e+00
   3.0950294e+00   2.2400531e+00
   2.8807208e+00   2.1966817e+00
   1.0959697e+00   1.5076693e+00
   4.5733323e+00   1.0359903e+00
  -2.8675324e+00  -2.9982855e+00
   1.2647768e+00   6.9290799e-01
   6.1055479e+00   1.9683925e+00
  -2.5134051e+00  -3.2428934e+00
  -1.2669667e+00  -2.1652485e+00
  -2.5057044e+00  -2.9693171e+00
  -1.0060686e+00  -1.7204633e+00
  -2.4344685e+00  -1.9949340e+00
   3.8470469e-01   1.5057842e+00
   4.3872347e+00   2.3350021e+00
  -1.9278421e+00  -2.3287286e+00
   1.8033146e+00   1.7612946e+00
   3.0615574e+00   2.8969313e+00
   4.4746971e-01   2.0069682e+00
   1.4870020e+00   3.2343353e-01
  -2.5949988e+00  -1.7178933e+00
   6.3179152e+00   2.3970520e+00
   9.8965318e-01   7.4337781e-01
   6.0703193e+00   2.8974719e+00
  -2.3999496e+00  -2.5311281e+00
  -7.3471656e-01   2.0980063e+00
   6.3234679e+00   2.5699443e+00
  -2.0546187e-01  -2.8591911e+00
   8.0823447e+00   2.1686185e+00
  -2.3638176e+00   4.4264037e-01
  -2.9024653e+00  -9.0685889e-01
  -7.8673639e-01  -2.3309929e+00
   2.0554843e+00   1.3887902e+00
   3.0937984e+00   2.7924929e+00
   5.1269348e+00   1.6990081e+00
   2.7270083e+00   2.2987247e+00
  -3.2938524e+00  -6.2171034e-01
   2.6155852e+00   2.2283471e+00
   9.5965338e-01   1.3289357e+00
   2.4723484e+00   2.0021993e+00
  -1.9458105e+00  -1.6083636e+00
   6.7123926e+00   1.7552471e+00
  -2.5618356e+00  -3.0806507e+00
   2.7140213e+00   3.0984019e+00
   5.9450125e+00   3.4937307e+00
  -2.5203645e+00  -1.5627441e+00
  -2.7067658e+00  -2.6426248e+00
   2.4438589e-01  -2.1887475e+00
   5.6312347e+00   1.7558333e+00
  -1.7309830e+00  -1.8849836e+00
   2.7136919e+00   7.6500382e-02
   1.7194593e+00   3.9486807e+00
  -9.4169359e-01  -3.3436330e+00
   5.3697262e+00   1.0834107e+00
   2.3987274e+00   8.5160528e-01
   4.2228896e+00   1.6668740e+00
   5.0503515e+00   4.4463272e-01
   3.3292883e+00   2.5757290e+00
   1.4934403e+00   2.4781027e+00
   1.9321995e+00   1.6568367e+00
   4.8152274e+00   3.7480456e+00
  -5.2641580e-01  -2.8632949e+00
  -1.0916398e+00  -1.0868310e+00
   7.3600611e+00   2.5517360e+00
  -2.7810533e+00  -2.6527032e-01
   2.6714465e+00   3.6608698e+00
   2.2708914e+00   1.4486307e+00
   1.8584027e+00   1.3351452e+00
  -2.7629384e+00  -6.2033808e-01
   7.0388679e-01   1.2518579e+00
  -9.9421915e-01  -1.0776647e+00
  -2.4153651e+00  -5.9274854e-01
   6.6415941e+00   2.3481808e+00
  -2.4537706e+00   1.8515551e-02
  -3.7644630e-01  -4.3262475e-01
  -2.7066151e+00   2.9056356e-01
  -3.7390433e+00  -2.1120002e+00
  -2.6829244e-01  -1.6952053e+00
  -1.5692243e+00  -1.3729533e+00
   5.3427206e+00   1.5774689e+00
   5.3618357e-01   2.0654030e+00
   2.1471514e+00   2.9822487e+00
   6.0215673e+00   2.1988291e+00
   5.9414509e+00   2.0625068e+00
   2.6143867e+00   1.3723966e+00
  -1.5484095e+00  -1.6083234e+00
   8.9960309e-01   2.5621732e-01
  -3.8619527e+00  -2.7264353e+00
   5.5218697e+00   2.2301741e+00
  -2.4946931e-01   5.4776298e-01
  -3.0648427e+00  -1.5326504e+00
  -1.9691637e+00  -1.0511754e+00
   5.0702553e+00   1.7571943e+00
  -2.9125596e+00  -1.8182361e+00
   4.4174323e-01  -2.3954407e+00
  -2.1721371e+00  -3.4304525e+00
   1.2480667e+00   1.4248773e+00
   3.1577857e+00   8.6856321e-01
   5.6737666e+00   2.6259231e+00
   5.0611293e+00   1.1067535e+00
  -1.7603877e+00  -2.5255404e+00
  -6.0793659e-01  -1.1479834e+00
  -3.9217425e+00   6.6998836e-01
  -2.7960583e+00  -2.8869470e+00
   7.0426975e+00   2.7189644e+00
  -6.9352727e-01  -1.3620799e+00
   2.6978530e+00   2.5010390e+00
  -3.0935837e+00  -2.3501636e+00
  -2.6006823e+00  -2.0580981e+00
   1.3907002e+00   2.4286347e+00
   3.1144301e+00   8.6642049e-01
  -1.7113844e+00  -1.2572496e+00
  -2.9380917e+00  -6.7524073e-01
   1.5955641e+00   1.3738655e+00
   1.9815194e+00   2.9597570e+00
  -3.8784819e-01  -1.8640015e+00
   3.0476684e-01   3.2056313e+00
   2.5523635e+00   2.6529715e+00
   5.4267181e+00   1.7027381e+00
  -1.7765221e+00  -2.4920332e+00
   2.0567044e+00   2.4517174e+00
   3.8599290e+00   2.4321008e+00
   5.6021858e+00   2.4520618e+00
  -1.8671152e+00  -1.3176434e+00
   1.2294588e+00   3.9247523e+00
   5.2856638e+00   1.4074140e+00
  -2.1198748e+00  -8.7918079e-01
   2.7557658e+00   2.3428902e+00
  -3.0487990e+00  -2.0581055e+00
   5.5689515e+00   2.7626396e+00
   5.2671502e+00   1.6110492e+00
   2.4765775e+00   1.1551999e+00
  -2.4573695e+00  -1.9509533e-02
   5.0125146e+00   5.4281645e-01
  -2.7904334e+00  -2.0964153e+00
   6.0779999e-01   2.9360247e+00
   5.0690719e+00   2.4430417e+00
  -2.2144861e+00  -1.2684694e+00
   5.8885296e+00   3.0594725e+00
  -1.9603109e+00  -4.5203823e+00
  -7.4346230e-01  -1.9110724e+00
   5.8604455e+00   7.4085312e-01
  -1.8264807e+00   4.4243259e-02
  -2.3281848e+00  -2.2820525e-01
   2.6918327e+00   2.2287388e+00
   2.1897722e+00   1.0341134e+00
   1.0391139e+00   1.0751012e+00
   9.9440815e-01   3.5811322e+00
  -2.1390841e+00  -2.3267210e+00
  -9.0858023e-01   3.4655108e+00
  -1.4963866e+00  -1.4090812e+00
  -2.9803226e+00  -1.3279375e+00
  -6.7263716e-01  -1.7644942e+00
  -1.8844772e+00  -2.4376004e+00
  -1.8317547e+00  -1.4468741e+00
  -2.5411288e+00  -2.4502961e+00
   6.7321288e+00   1.9903478e+00
   2.6873870e+00   3.6311971e+00
  -2.1004532e+00  -2.5749520e+00
   3.7474965e+00   3.6127015e+00
   6.2282250e+00   1.1305931e+00
   2.7664648e+00   9.3387449e-01
   3.5170793e+00   2.3602720e+00
  -1.4489408e+00  -3.0588196e+00
  -1.7064150e+00  -1.4862345e+00
   2.5005782e+00   1.4120645e+00
   1.1869930e+00   7.6457526e-01
  -2.5102104e+00  -3.2205861e+00
  -1.6748839e+00  -1.8557242e+00
  -9.6767984e-01  -1.1003926e+00
   3.6125857e+00   2.3289087e+00
  -3.3853761e+00  -3.0838605e+00
  -1.9100890e+00  -2.3678235e+00
  -2.4768780e+00  -2.8130730e+00
   2.0468526e+00   1.0658576e+00
   2.7377483e+00   1.6085589e+00
  -2.2098153e+00  -2.4388945e+00
  -2.5131577e+00  -2.0996570e+00
   6.0669461e+00   2.0148504e+00
  -3.8219019e-01  -1.6577715e+00
  -3.2162486e+00  -4.7932832e-01
   6.4328162e+00   2.0812809e+00
   5.4721787e+00   2.3372076e+00
  -2.1780356e+00  -3.9281501e-01
   3.6728923e+00   2.4719496e+00
   1.3459692e+00  -1.5892233e-01
   7.1771804e+00   3.5456128e+00
   5.8325271e+00   2.4325857e+00
  -1.4872747e+00  -3.0108495e+00
  -2.1538084e+00  -1.6684739e+00
   4.9329393e+00   2.5911940e+00
   3.2015820e+00   1.2280001e+00
  -3.4796430e+00  -1.6620193e+00
   9.5657062e-01   2.7223669e+00
  -2.4660109e+00  -1.9768249e+00
  -3.4667273e+00  -2.5000597e+00
   2.5201282e+00   2.3071789e+00
   1.4255116e+00   2.4851615e+00
  -3.4916560e+00  -1.3608622e+00
   1.8832765e+00   2.3223044e+00
  -3.1289267e+00  -1.5015945e+00
   1.4809950e+00   1.7665353e+00
  -2.6588822e+00  -2.1838098e+00
   3.3522729e+00   3.3194793e+00
   4.3106247e+00   3.2598172e+00
   3.8041076e+00   1.4212091e+00
  -2.6534610e+00  -1.9080115e+00
   6.0035266e+00   2.9283772e+00
   6.9419440e-01   3.1573594e+00
  -6.3243692e-01  -3.2632337e+00
  -1.4534665e+00  -1.7357542e+00
   2.3431069e+00   2.2612778e+00
  -2.5855225e+00  -3.0570613e+00
  -1.4140921e+00  -1.7191652e+00
   4.1746295e+00   2.3336045e+00
   7.9735827e-01   3.0620899e+00
   5.6328506e-01   1.4255542e+00
  -3.7167100e+00  -3.2263213e+00
  -1.5583353e+00  -8.3527736e-01
   7.0950553e+00   9.5970351e-01
   6.6528957e+00   2.1679064e+00
  -2.1814518e+00  -3.7585145e+00
   5.7000791e+00   1.8495375e+00
   1.7400560e+00   7.3461826e-01
   3.8043263e+00   1.1973000e+00
  -8.6521793e-01  -2.2181502e+00
   3.3358018e+00   2.8902368e+00
   2.4411716e+00   9.1238532e-01
   2.2948467e+00   2.0079342e+00
  -2.2581660e+00  -2.0552112e+00
   2.0767109e+00   1.7076784e+00
   4.1732404e+00   9.6382416e-01
   7.4817852e-01   2.0937736e+00
  -3.6820345e+00  -2.9666608e+00
   2.1484275e+00   1.6404861e+00
  -1.6794175e+00  -3.2307486e+00
