  -1.9501190e+00   3.0459529e+00
   2.5923694e+00  -1.3941071e+00
  -5.7432001e-01   3.4004407e-01
   3.2489156e+00  -9.9304216e-01
  -1.2481036e+00   1.3106416e+00
  -6.0493616e+00   1.7719507e+00
  -3.0108043e+00   2.9786825e+00
   2.0833340e+00  -1.3159340e+00
   2.7826025e+00  -1.8841688e+00
  -1.5197127e+00   2.7110367e+00
  -6.1547031e-01   6.5873986e-01
  -4.1942567e+00   1.0762484e+00
  -6.0034769e+00   2.7363267e+00
  -3.8389935e-01   2.4984744e+00
   3.1036866e+00  -1.8061501e+00
  -4.2867232e+00   2.7382150e+00
  -2.4222498e+00   2.8620034e+00
  -1.3274451e+00   2.7600936e+00
  -4.3911032e+00   2.2661366e+00
  -3.9234264e-01   3.1877677e+00
   2.3723221e+00  -2.8317063e+00
  -5.4681639e+00   2.4053353e+00
   3.5285471e+00  -3.2451467e+00
  -5.7306378e+00   1.6361492e+00
   1.9257845e+00  -1.5572950e+00
   5.9846129e-01  -2.9844554e+00
  -1.4461920e+00   1.8238420e+00
   2.6054502e+00  -2.8614963e+00
  -4.2977978e+00   1.9073841e+00
  -3.1713615e+00   2.9754795e+00
  -4.4146919e+00   8.3593949e-01
   3.1778746e+00  -2.8323798e+00
  -4.9032361e+00   2.7101215e+00
  -4.7513538e+00   3.1210318e+00
  -3.2489424e+00   2.7208885e+00
  -5.2101720e+00   2.7266388e+00
   1.9176747e+00  -2.5150037e+00
   3.7312228e+00  -2.8089815e+00
   2.2111885e+00  -4.2703369e-01
  -7.0346651e+00   1.9265032e+00
  -2.0797697e+00   2.1631212e+00
   2.7900667e+00  -3.7165870e+00
  -3.8990880e+00   2.3986073e+00
   2.0977907e+00  -1.3726561e+00
   6.2780084e-01   3.2016375e+00
   2.6927497e+00  -1.9621758e-02
  -8.4851465e-01   1.6880090e+00
  -4.2219555e+00   2.2504744e+00
  -7.2701608e+00   1.8040976e+00
  -4.5343304e-01   1.5701357e+00
  -8.9755298e-01   9.1426948e-01
   2.7631833e+00  -2.3298893e+00
   1.9969108e+00  -1.7905109e+00
  -3.6609013e+00   2.7611073e+00
  -4.2804778e+00   2.3069713e+00
  -1.8225967e+00   1.5781307e+00
  -1.6004603e-01   2.0244581e+00
  -5.8146844e+00   2.0440585e+00
   4.8666131e+00  -3.1656459e+00
  -3.7375450e+00   9.6865471e-01
   1.0449873e+00  -1.1416760e+00
  -5.8137550e+00   1.8693719e+00
  -2.0091056e-01   2.9283479e+00
  -3.1600942e+00   1.0651708e+00
  -1.4111439e+00   3.1396651e+00
  -2.2178999e+00   1.3587506e+00
  -1.0022539e+00   2.2590609e+00
  -7.7752818e+00   1.4647525e+00
  -3.4758279e+00   1.4359697e+00
  -2.9133227e+00   1.3897314e+00
  -3.0105765e+00   7.2994274e-01
  -1.0682725e+00   2.8175887e+00
   2.4703693e+00  -1.6550406e+00
   2.3510519e+00  -4.4546700e-01
  -1.0137829e+00   2.1078453e+00
  -1.3563961e+00   4.0358343e+00
  -1.7501275e+00  -2.2553391e-01
  -5.7698409e+00   2.2060518e+00
   2.3276693e+00  -3.2455225e+00
  -1.8762923e+00   1.0132519e+00
  -2.2896276e+00   3.6649128e+00
  -9.4509351e-01   1.2271777e+00
  -2.2519566e+00   4.0896166e+00
  -6.2779377e+00   1.2312141e+00
   1.2854017e+00  -2.0342426e+00
   2.1986381e+00  -3.0579336e+00
   3.6122118e+00  -1.2978717e+00
  -5.6401804e+00   1.6450925e+00
  -1.8276164e+00  -2.7479621e-01
  -5.6935895e+00   3.1632043e+00
  -4.7937427e+00   3.0827017e+00
  -1.5396821e+00   2.2031844e+00
  -2.9409624e+00   1.2830915e+00
  -2.3884953e+00   1.0339824e+00
   1.4610342e+00  -3.7323869e+00
  -1.6869988e+00   8.9362667e-01
  -9.3337907e-01   3.0784902e+00
  -2.5703319e+00   2.5423601e+00
  -3.1251005e+00   1.1782502e+00
   7.4500417e-02  -4.2391912e+00
  -7.5825821e+00   1.9898852e-01
  -6.4344643e+00   1.3611949e+00
  -6.0599234e+00   2.5808140e+00
   8.5690486e-01  -2.7103508e+00
  -1.5254923e+00   2.7087045e+00
  -2.5013239e+00   1.1064204e+00
   2.4143677e+00  -7.8810488e-01
   9.1661576e-01  -2.3694180e+00
  -1.3902704e+00   3.6837404e+00
  -1.5339481e+00   2.7298398e+00
   2.5037169e+00  -3.8358943e+00
   1.4432613e+00  -2.9970113e+00
  -6.4950475e+00   1.6686812e+00
  -2.6792033e+00   1.3178111e+00
  -7.0444911e-01   2.2682916e+00
  -2.0318151e+00   2.1435810e+00
   3.3344760e+00   1.4208608e-01
  -3.9777682e+00   2.4415532e+00
  -4.7884069e+00   2.5658398e+00
   1.5420154e+00  -3.4329785e+00
  -2.9090328e+00   1.8618890e+00
  -4.9344840e+00   2.4849768e+00
  -2.1414796e+00   1.5188304e+00
  -1.4127322e+00   2.0176933e+00
  -5.8450440e+00   2.1305126e+00
  -6.1814760e+00   9.9949425e-01
  -2.1880373e-01   2.1960892e+00
   1.9491602e+00  -1.6364236e+00
   2.5040943e+00  -2.1254209e+00
  -1.8363510e+00   1.2833657e+00
  -4.6255027e+00   1.8026969e+00
   7.5789186e-01  -3.4251755e+00
   1.4694069e+00  -1.4558393e+00
  -4.9388162e+00   1.5692992e+00
  -1.0199469e+00   1.4715039e+00
   4.0130800e+00  -2.9114974e+00
  -3.9249008e+00   1.4347593e+00
   2.0578546e+00  -7.7914323e-01
  -2.5981458e+00   1.1800997e+00
  -2.8493325e+00   2.8307654e+00
  -4.3075025e+00   2.1734820e+00
   2.6649064e+00  -1.7375411e+00
  -4.4068395e+00   1.2683562e+00
  -5.2298374e+00   2.5603969e+00
  -1.7573685e+00   2.3007645e+00
   1.9649318e+00  -1.9259911e+00
   2.0324067e+00  -1.3731558e-02
  -2.4680078e+00   8.9802161e-01
   2.6165644e+00  -1.9656426e+00
  -6.4993456e+00   2.1155201e-01
  -5.4207583e+00   1.8869447e+00
  -4.7858849e-01   3.3761393e+00
   1.4797821e+00  -9.3143434e-01
  -2.1700319e+00   1.9048768e+00
   5.6804368e-01  -1.1181687e+00
  -5.9446996e+00   3.4195356e-01
  -4.6926333e+00   2.3535268e+00
  -3.2014279e+00   2.0992107e+00
   3.1038942e+00   5.2517429e-01
  -1.2670150e+00   2.1561443e+00
  -3.5389602e+00   3.0217879e+00
  -2.3250426e+00  -1.0314146e+00
  -2.3890051e+00   2.9075829e+00
  -5.6579898e+00   2.4465106e+00
  -4.8935952e+00   1.7339714e+00
   3.5689553e-01  -3.0002278e+00
   1.4744195e+00  -1.0363943e+00
  -6.5931825e+00   3.2302433e+00
  -3.0917717e+00   2.6938285e+00
  -8.3132597e-01   1.8808310e+00
   4.6707233e-01  -2.3103818e+00
  -4.0523396e+00   1.9545430e+00
  -4.8576826e+00   2.4578186e+00
  -3.2886681e-01  -2.4797569e+00
  -4.0931509e+00   2.7218795e+00
   1.5751228e+00  -1.0093079e+00
  -1.4147321e+00   2.0898978e+00
   1.0025735e+00  -1.2340874e+00
  -4.1271098e+00   1.3274859e+00
  -2.7960912e+00   1.8444517e+00
  -2.0347614e+00   8.8150083e-01
  -3.2806544e+00   1.5867574e+00
   1.4006780e+00  -1.3426840e+00
   1.1508530e+00  -3.2301202e+00
  -4.9000739e+00   1.8004123e+00
  -2.6014523e+00   3.1285881e+00
  -3.0168075e+00   3.2135907e+00
  -4.6617225e+00   2.4368711e+00
   3.5693061e+00  -3.2864327e+00
   3.3893369e+00  -4.5776719e+00
  -1.7081890e+00   1.2663324e+00
   2.3064732e+00  -2.6652954e+00
  -1.4900504e+00   1.3607771e+00
   2.5503914e+00  -1.6825066e+00
  -6.3206437e-01   1.2919265e-01
  -2.0971737e+00   1.9079589e+00
   3.4865122e+00  -1.5256251e+00
   1.6465622e+00  -1.9128021e+00
  -1.2410884e+00   7.2450440e-01
   3.8133273e-01  -9.4602346e-01
  -5.9499615e+00   1.8625686e+00
   4.7405525e+00  -4.7502727e+00
   3.2026344e+00  -1.7721470e+00
  -2.8617915e+00   2.1361402e+00
   2.5102343e-01  -1.8894744e+00
  -1.7683649e+00   1.2519180e+00
   3.9392396e+00  -1.7596839e+00
  -6.2760727e+00   1.6916336e+00
  -2.4957166e+00   4.8019464e-01
  -4.1145158e+00   2.6088774e+00
  -2.6265525e+00   1.9978407e+00
  -1.2055289e+00   1.4146683e+00
  -5.9266142e-01   8.9057352e-01
   2.9523477e+00  -2.0906930e+00
  -2.0026655e+00   1.7066164e+00
   3.4016419e+00  -2.9573840e+00
   2.2981234e+00  -2.9213046e+00
   2.8379100e+00  -2.5080477e+00
  -3.1309536e+00   7.3489711e-01
  -3.0983870e+00   2.2436658e+00
  -1.4752124e+00   6.5802431e-01
  -1.5563838e+00   4.0598004e+00
   1.2233129e+00  -1.0618283e+00
  -1.0085673e+00   1.5755221e+00
   2.2610984e+00  -2.3959055e+00
   2.9632359e+00  -2.8494698e+00
   1.4469494e+00  -1.3221453e+00
   3.1246679e+00  -3.1158134e+00
  -2.5754955e+00   5.7681493e-01
  -2.8423956e+00   1.7069287e+00
  -6.0924002e+00   3.8736060e+00
   3.0709342e+00  -2.6939901e+00
   1.2640644e-01   7.2553569e-01
  -1.6874379e+00   3.4014564e+00
   3.6350027e+00  -3.9766719e+00
   2.1401601e+00  -1.8945728e+00
  -1.9057312e+00   1.4352838e+00
   1.6221020e+00  -2.4352233e+00
   3.5239304e+00  -1.2803676e+00
  -1.8031830e+00   2.0331676e+00
   2.1801651e-01  -2.7524256e+00
  -2.9555866e+00   1.9674047e+00
   4.4043921e-01  -1.4208746e+00
  -2.3992629e+00   1.0760106e+00
   3.2799248e+00  -7.5813320e-01
  -2.2808318e+00   7.3526638e-01
  -2.0729052e+00   2.3582823e-01
  -1.8279480e+00   3.3749278e+00
   1.5188946e+00  -6.0272832e-01
   1.5261104e+00  -1.4748634e+00
   1.8879354e+00  -1.2894098e+00
   1.8324173e+00  -2.1531857e+00
  -2.3132329e+00   1.6375553e+00
  -5.0503520e-01   2.3328250e+00
  -1.5744466e+00   3.2359495e+00
  -1.1840253e+00   1.3355151e+00
  -2.2153944e-01   2.7923333e+00
  -5.5521298e-01  -1.4443368e+00
  -8.1344234e+00   8.0278564e-01
   3.6252164e+00  -1.6840118e+00
  -1.8523700e+00   2.3119199e+00
   2.7341525e+00  -2.4206940e+00
   9.6798103e-01  -1.6235768e+00
  -1.7623308e+00   1.5510306e+00
   1.0455259e+00  -2.9309532e+00
  -1.5655708e+00   4.7714190e+00
  -1.9737120e+00   1.8229488e+00
  -1.9156056e+00   1.1209529e+00
   3.9915100e+00  -3.4629915e+00
  -1.5467825e+00   2.4423693e+00
   2.2105639e+00  -1.4083151e+00
  -4.1148655e+00   1.9082199e+00
   1.2234706e+00  -1.3818277e+00
  -2.9925091e+00   6.1429532e-01
  -6.6046053e+00   5.2192629e-02
  -1.0999297e+00   3.0840313e+00
   2.2484199e+00  -9.5389780e-01
  -2.4613621e+00   1.3908604e+00
  -5.5761519e-01   2.5495186e+00
  -1.4412531e+00   1.1214541e+00
   1.7404977e+00  -9.0221660e-01
   3.2495097e+00  -3.1676044e+00
  -7.0921337e+00   1.1315113e+00
  -3.5335776e+00   1.6907627e+00
  -3.9944045e+00   2.4974658e+00
  -8.2660047e-01   3.4544460e+00
  -5.3071758e+00   2.0773503e+00
  -1.3343250e+00   8.1353272e-01
  -1.1763963e+00   2.5927052e+00
  -1.1797511e+00   4.2890976e+00
   1.0505273e+00  -1.9633644e+00
  -1.4722139e+00   2.7014489e+00
  -5.4103355e+00   1.3732287e+00
  -5.6888287e+00   2.5295947e+00
   3.7106828e+00  -8.9002887e-01
   3.7482111e+00  -1.8672852e+00
  -1.9912493e+00   2.1779635e+00
  -6.5443050e+00   1.9813605e+00
  -1.6096468e-01   7.7483198e-01
  -6.4698919e+00   1.9708531e+00
  -6.0903666e+00   9.7059279e-01
  -2.8638345e+00   3.2545879e+00
  -2.9899410e+00   2.1854124e+00
  -4.3473434e+00   1.4454088e+00
   2.2916373e+00  -1.7919500e+00
  -8.4866618e+00   4.0673833e-01
   3.5838218e+00  -2.1035890e+00
   3.5183927e+00  -1.5517220e+00
   4.4083015e+00  -1.6668745e+00
   2.9410154e+00  -1.3263184e+00
   6.2615474e-01  -6.2887939e-01
   3.6203887e+00  -2.3032463e+00
  -1.8889459e+00   2.0102382e+00
  -6.0454090e+00   1.9867123e+00
  -3.8019709e+00   4.3941173e-01
  -6.4698817e+00   2.2142574e+00
   4.2227465e+00  -2.1585158e+00
  -2.6807828e+00   2.5301235e+00
   2.1104216e+00  -1.8760380e+00
  -1.8825696e+00   1.6813058e+00
   2.2924288e+00  -1.7146837e+00
  -1.6597937e+00   2.3941269e+00
   9.0300527e-01  -1.3474504e+00
   2.2334702e+00   4.0765277e-02
  -2.8603251e+00   1.4814222e+00
  -1.8473792e+00   1.6622028e+00
   3.8891940e+00  -2.0129223e-01
  -3.6521265e-01   1.6930953e+00
  -6.2338218e+00   2.1030891e+00
  -1.5959105e+00   1.0747172e+00
  -2.0852102e+00   1.9625678e+00
   1.0851043e+00  -2.2979525e+00
  -5.6418476e+00   1.8844208e+00
   7.4963328e-01  -1.7070566e+00
  -4.3482086e+00   1.0023777e+00
   1.3782073e+00  -6.9031208e-01
  -2.3193300e+00   1.8636952e-01
   3.2599885e+00  -3.5252775e+00
   1.7198286e+00  -2.3190987e+00
   9.3664162e-01  -1.2401111e+00
   2.2116991e+00  -3.2612712e+00
  -5.9567469e+00   2.9133640e+00
  -6.2869159e+00   2.0477558e+00
   3.6748401e+00  -2.9587232e+00
   2.0364947e+00  -2.6819522e+00
  -2.5572182e+00   1.7199004e+00
   5.0521326e-01  -5.2823585e-01
  -1.4568564e+00   1.9723012e+00
  -1.3611348e+00   9.4868976e-01
   9.4344754e-01  -9.6334608e-01
  -5.0077821e+00   1.4319569e+00
   1.2943510e+00  -1.8313209e+00
   7.5571680e-01  -1.6168407e-01
  -6.1431313e+00   1.8470946e+00
   2.6642260e+00  -2.6070032e+00
  -2.7880995e+00   2.7360074e+00
  -1.3158097e+00   1.4677921e+00
  -6.8751324e+00   1.4995726e+00
   1.5400151e+00  -2.3471860e+00
  -5.4462042e+00   2.9463646e+00
  -2.1741705e+00   1.0358030e+00
  -5.8024878e+00   1.5027944e+00
   9.8898730e-01  -2.3267297e+00
   2.1299539e+00  -2.7541738e+00
   1.2726801e+00  -1.6987778e+00
   3.8573833e+00  -1.8282300e+00
   2.0465192e+00  -1.2751359e+00
  -5.7626469e+00   2.2548445e+00
  -5.0915964e+00   2.2565184e+00
  -2.7707611e+00   2.1618076e+00
  -1.6086222e+00   3.3842192e+00
   1.3975550e+00  -3.0561873e+00
  -8.7186734e-01   1.3390463e+00
  -2.4070545e+00   3.0262151e+00
  -1.6793530e+00   3.9580017e-01
  -3.1966908e+00   8.8329020e-01
   1.5560208e+00  -2.0635752e+00
  -2.3075680e+00   3.4843827e+00
   2.9046084e+00  -1.9569777e+00
  -2.7384988e+00   1.7933241e+00
   2.1134775e+00   3.9103343e-01
   1.4616453e+00  -2.0474377e+00
  -2.2849009e+00   1.2439408e-01
   3.8174166e+00  -1.2789716e+00
   2.3167302e+00  -1.9333515e+00
  -1.1562114e+00   8.5442947e-01
   2.1774095e+00  -1.3531330e+00
  -3.0034089e+00   2.8455567e+00
   2.8543619e+00  -2.4176548e+00
   1.1284073e+00  -2.4205818e+00
  -6.1706345e+00   2.7790069e+00
  -6.5817247e-02   3.7452662e+00
   6.9217775e-01  -2.2209449e+00
   7.0588360e-01  -1.1670311e+00
   1.6990518e+00  -1.2269064e+00
   2.4303231e+00  -1.9523670e+00
  -1.8494689e+00   1.0977124e+00
  -4.8111361e+00   3.3886890e+00
  -9.1596326e-01   3.3450407e+00
  -7.3093339e+00   1.6956426e+00
  -1.7058560e+00   3.3248911e+00
  -3.3045712e-01   5.7657898e-01
  -1.2734068e+00   1.9683414e+00
   3.4637219e+00  -1.7194100e+00
   3.8532279e+00  -2.6879593e+00
   2.2239236e+00  -6.4185343e-01
  -3.5827118e+00   9.3669846e-01
  -1.6564788e+00   1.4738701e+00
  -1.0517003e+00   2.0193475e+00
  -3.7427798e+00   3.3330077e+00
  -3.4493917e+00   2.1664341e+00
  -5.1491099e+00   1.8083824e+00
   1.2081797e+00  -4.3133586e-01
   3.1371059e+00  -2.7231986e+00
  -2.1014295e+00   1.2121941e+00
  -2.5242565e+00   7.0571783e-01
   1.1083253e+00  -1.7722147e+00
   2.8269410e+00  -2.3636403e+00
  -2.1087940e+00   9.1971305e-01
  -2.5849631e+00   1.5195415e+00
  -2.8919808e+00   2.9885987e+00
   1.6802811e+00  -1.9649376e+00
  -1.0912756e+00   1.0583048e+00
   2.4559548e+00  -3.5680583e+00
  -1.7073575e+00   1.8760489e+00
  -2.2308087e+00   2.1679255e+00
   3.1231007e+00  -2.8544694e+00
   3.3282316e+00  -1.3289775e+00
  -4.5364810e+00   1.3650769e-01
   4.3012203e-01   1.6008577e-01
  -3.0882770e+00   3.0704074e+00
   3.8733651e+00  -2.6295483e+00
  -2.9745487e+00   1.6773558e+00
  -6.0341625e+00   2.1423506e+00
  -9.3100626e-01   1.2461742e+00
  -1.3017333e+00   6.1475894e-01
   1.9650676e+00  -1.6776781e+00
   3.1641840e+00  -2.2178250e+00
   2.0959849e+00  -1.6896127e+00
  -6.6272116e+00   2.2870300e+00
   2.7344973e+00  -3.6188343e+00
  -3.0248647e+00   1.8468038e+00
  -1.9068751e+00   5.5312371e-01
  -1.5913213e+00   1.6969746e+00
  -1.2819207e+00   2.4526598e+00
  -5.9214674e+00   1.0945437e+00
   1.3573700e+00  -1.2862852e+00
   1.3247929e+00  -1.4057808e+00
   2.1025263e+00  -7.3686974e-01
   6.5358073e-01  -1.2339154e+00
  -2.3902374e+00   2.0356942e+00
  -3.5923641e+00   2.9663530e+00
  -3.1358341e+00   2.1071986e+00
  -6.8416423e+00   1.3988430e+00
   3.9972826e+00  -2.3123715e-01
  -6.7181104e+00   1.2021108e+00
  -5.4783110e+00   1.9921848e+00
  -6.5585545e+00   2.7641292e+00
  -6.5271253e+00   1.9452910e+00
   4.5522021e+00  -1.5810315e+00
   3.3354040e+00  -1.4485413e+00
   2.5230743e+00  -2.8032129e-01
  -1.7701888e+00   2.2680848e+00
   1.7416062e+00  -4.2895396e-01
  -3.9977638e+00   1.3218963e+00
  -6.2522372e+00   2.3013026e+00
  -5.0152478e+00   2.2847127e+00
  -3.1646577e+00   2.6169003e+00
  -1.8662665e+00   1.2455225e+00
   1.3072065e+00  -1.9087054e+00
  -2.6136603e+00   2.5854288e+00
  -2.7070403e+00   1.6140213e+00
  -6.9072024e+00   9.2217855e-01
  -1.1853333e+00   1.1790868e-01
  -3.3081288e+00   2.0653617e+00
  -3.8298864e+00   3.7941009e+00
  -4.9066398e+00   1.2722107e+00
  -2.3806604e+00   3.0644238e+00
  -1.2129580e+00   2.7385820e+00
   2.6629967e+00  -3.2375435e+00
   1.0021607e+00  -2.3084122e+00
  -2.0651052e+00   3.0960291e+00
  -2.0074471e+00   2.6573677e+00
  -2.2387075e+00   9.1512716e-01
  -1.3033325e+00   2.3866900e+00
   9.8617835e-01  -2.4135465e+00
  -2.4033366e+00   1.0756271e+00
   2.7530735e+00  -3.3531752e+00
  -1.5964483e+00   4.3635998e+00
  -5.1871219e+00   1.5050141e+00
  -1.2960641e+00   1.6681477e+00
  -3.3287953e+00   2.0480709e+00
  -2.3214277e+00   1.5214580e+00
  -1.9173938e+00   4.2112596e+00
  -4.3626321e+00   2.8023681e+00
  -3.0194061e+00   4.7293884e-01
  -4.2960794e+00   2.7062853e+00
   1.5965951e+00  -3.5839834e+00
   3.3952658e+00  -2.5199036e+00
  -4.7775675e+00   1.7933211e+00
