   3.3428895e+00   5.8042002e-01
  -3.0249527e+00  -1.5682483e+00
  -6.4512480e-03  -2.4417740e+00
  -3.7161269e+00  -1.7471137e+00
   2.8720312e+00   3.2917283e+00
   1.6429362e+00   2.6507226e+00
  -1.9482162e+00  -5.6022945e-01
  -2.3978490e+00  -1.6235034e+00
  -1.2741487e+00  -2.4013638e+00
   7.6398692e-01  -1.8642786e+00
  -2.0187610e+00  -2.6872751e+00
  -1.7771944e+00  -3.3110448e+00
  -2.0748005e+00  -2.0375444e+00
  -1.1299268e+00  -3.7943497e+00
   5.0124546e+00   1.7682927e+00
   7.7482604e-01   1.9565925e+00
  -2.5610850e+00  -3.6060715e+00
  -9.7636805e-01  -3.5834030e+00
   1.2631367e+00   1.3904714e+00
   2.1013295e+00   1.6069415e+00
   4.1898899e+00   2.0001028e+00
  -2.5023139e+00  -2.3805198e+00
   1.0904416e+00   2.7739227e+00
  -1.5873417e+00  -3.1249816e+00
  -3.4836988e+00  -6.0459264e-01
  -2.8053628e+00  -2.7666677e+00
   9.4233745e-01   2.9786089e+00
   4.0633547e+00   2.4190298e+00
   3.8601750e+00   1.1805711e+00
   2.6077504e+00   1.9968977e+00
   6.7700316e+00   2.6313535e+00
   5.9513898e+00   2.3905054e+00
  -3.6860823e+00  -2.3677895e+00
   2.8305436e+00   3.1318979e+00
  -2.3307659e+00  -2.8992769e+00
   5.3634959e+00   1.8613450e+00
   5.0678654e+00   1.7961606e+00
   6.1502785e+00   1.6876464e+00
   5.1225127e+00   2.3990044e+00
  -1.3599180e+00  -3.7197281e+00
  -3.2453706e+00  -3.5654596e+00
  -1.7739937e+00  -1.8522133e+00
   1.1014937e+00   5.8436762e-01
  -1.7020326e+00  -4.8976787e+00
   2.1483302e+00  -9.7640805e-01
   2.6913938e+00   2.6979982e+00
   1.4989551e+00   1.6473666e-02
   8.3159373e-01   2.1139884e+00
  -7.6899771e-01  -3.1303961e-01
  -3.0422986e-01  -1.4901808e+00
   5.6400883e+00   1.2059018e+00
   1.5320088e+00   2.4351541e+00
   2.0094204e+00   3.2674037e+00
  -2.0220988e+00  -2.1212583e+00
  -1.1755166e+00  -3.7206907e+00
   1.7451729e+00   1.2280979e+00
  -3.0365555e-01  -4.2943731e-01
   5.8779311e+00   2.0900883e+00
   6.1667379e+00   1.6302975e+00
   2.4524718e+00   2.4564752e+00
   1.4975383e+00   3.2765914e+00
   6.4044106e+00   2.1376939e+00
  -3.0615763e+00  -3.0828823e+00
   6.2248769e+00   2.2032208e+00
   2.0164999e-01  -2.1487798e+00
   9.0368748e-01   2.4799696e+00
  -2.6796228e+00  -1.6137817e-01
  -1.6320648e+00  -1.2525909e-01
   2.1725919e+00   2.3406236e+00
  -2.6686253e+00  -1.1484207e+00
   2.1506559e+00   2.8840650e+00
   2.2751378e+00   1.3980907e+00
  -3.5564923e+00  -1.5266729e+00
   1.8112601e+00   1.0423560e+00
   5.0300306e+00   1.9662792e+00
   1.4371377e+00   2.6630212e+00
  -6.1845423e-01  -3.4490558e+00
  -2.1637102e+00  -2.5446135e+00
  -3.8375760e+00  -2.9011670e-02
   2.0006630e+00   2.1682144e+00
   6.2147703e+00   2.6553508e+00
   2.1002406e+00   2.6793137e+00
  -1.6364712e+00  -1.3682509e+00
  -2.7415787e+00  -2.1919049e-01
  -3.0393466e+00  -6.4565428e-01
   2.0200441e+00   2.3726556e+00
  -1.9980009e+00  -3.8065735e+00
   1.9879070e+00   1.2922027e+00
  -2.7052899e+00  -1.8551218e+00
   2.6031821e+00   3.0247481e+00
   5.1305484e+00   2.8293503e+00
   3.1832888e+00  -5.1297393e-01
  -2.3163023e+00  -2.4364565e+00
   3.1466058e+00   2.0880789e+00
   3.2865311e+00   3.0503131e+00
   2.3952061e+00   1.4398642e+00
   2.1805399e+00   2.0288362e+00
   4.0747567e+00   1.7283288e+00
   4.2146543e+00   3.1544846e+00
   1.4705583e+00   4.1163238e+00
   9.8200997e-01   1.5134082e+00
  -2.7867391e+00  -2.4102600e+00
   1.4597843e+00   1.8636532e+00
   2.0902322e+00   3.4651413e+00
  -3.6542049e+00  -3.3453295e+00
   5.8574484e+00   1.4336741e+00
   1.8326218e+00   1.6328630e+00
   2.1281458e+00   1.5601930e+00
  -2.4995757e+00  -2.0981305e+00
  -1.7871998e+00  -3.8811119e+00
   2.4818360e+00   1.6919352e+00
  -3.0098574e+00  -3.1794259e+00
   2.3392804e+00   2.2640431e+00
  -1.4063356e+00  -3.9335509e+00
   2.2090666e+00   8.0907242e-01
   4.4296874e+00   2.7456374e+00
   2.6788808e+00   2.0772392e+00
  -1.0144275e-01  -2.7221175e+00
  -1.8443723e+00  -2.9268972e+00
  -1.8961943e+00  -3.0823044e+00
   5.0869311e+00   2.4045313e+00
   2.7088979e+00   4.4812857e+00
  -2.5384476e+00  -1.5982294e+00
  -1.6717452e+00  -5.7934807e+00
  -2.1956641e+00  -2.3781786e+00
  -6.3168859e-01  -1.5573091e+00
  -2.9814818e+00  -4.0009497e+00
   5.3486507e+00   1.5032356e+00
  -2.8882248e+00  -2.9290901e+00
   5.4337618e+00   1.5645038e+00
  -9.0970201e-01  -1.7294340e+00
  -1.6831221e+00  -2.0290595e+00
   2.6354622e+00   1.8377413e-01
   5.2378903e+00   1.3145607e+00
  -1.6866070e+00  -1.0011536e+00
   4.9792877e+00   2.5495891e-01
  -7.2126686e-01  -2.1996987e+00
   3.6771825e+00   1.5761028e+00
   1.5558351e+00   3.9133180e+00
  -1.4538729e+00  -2.4857085e+00
  -6.9321110e-01  -2.3924572e+00
  -2.7488898e+00   4.5031298e-01
  -1.9664787e+00  -2.2552663e+00
   2.3228739e+00   2.6025327e+00
   5.3318626e+00   2.3273448e+00
   3.0459169e+00   3.0470746e+00
   2.1591055e+00   1.1813457e+00
   2.4541364e+00   2.0522437e+00
   1.8873666e+00   7.2625494e-01
   3.0021211e+00   1.1676627e+00
  -3.8035331e+00  -6.3757243e-01
   1.5673656e+00   1.4137802e+00
  -2.0174630e+00  -5.4537823e-01
   2.8996396e+00   2.2974449e+00
   3.1454257e+00   3.2069139e+00
   1.1815514e-01   2.2044697e+00
   1.6874907e+00   2.9845458e+00
  -5.0738740e-01  -1.4902435e+00
   1.9716278e+00   2.1085741e+00
   2.7502803e+00   2.6483805e+00
   5.0356420e+00   1.2193923e+00
   3.7535393e+00   8.0408562e-01
  -2.8478155e+00  -4.1665607e+00
   9.4926991e-01   1.9964330e+00
  -2.5641497e+00  -2.0953837e+00
   4.3571525e-01   1.6133837e+00
   2.1019492e+00   2.1962663e+00
   1.7499008e+00   1.5666205e+00
  -1.3237513e+00  -2.8866790e+00
   5.8520888e+00   1.2858479e+00
  -1.9049460e+00  -8.3049090e-01
  -7.0809355e-01  -2.4579629e+00
  -3.0719851e+00  -3.7010929e+00
   4.5190254e+00   9.0411369e-01
   5.1694347e+00   1.4684988e+00
   2.6675556e+00   1.1809985e+00
   5.4287282e+00   1.6437631e+00
  -2.3146591e+00  -1.5724205e+00
   5.0156752e+00   2.4561336e+00
   3.0820037e+00   3.0125344e+00
  -1.4250212e+00  -2.5306816e+00
   2.4947699e+00   2.0188320e+00
  -3.1125896e+00  -1.3559380e+00
   6.6281034e+00   3.3699594e+00
  -1.0202345e+00  -1.5875201e+00
   2.7756646e+00   3.9418237e+00
   3.3803952e+00   1.4773421e+00
   4.7830036e+00   2.2991573e+00
   2.7759491e+00   2.5230348e+00
  -4.0142691e+00  -2.3547795e+00
   4.7865402e+00   1.0562804e+00
   2.8164965e+00   3.0063846e+00
  -3.4683942e+00  -2.0522434e+00
  -2.3881496e+00  -2.0628692e+00
   4.1821896e-01   2.7052021e+00
  -2.0251328e+00  -2.0350221e+00
   1.2859371e+00   8.1333626e-01
   4.7216715e+00   1.7972998e+00
  -3.9082539e+00  -1.9959419e+00
   1.5140838e+00   4.6442937e-01
   5.8029354e+00   3.0662203e+00
  -1.5210135e+00  -1.8061278e+00
  -3.4975230e+00  -1.4941130e+00
   2.0004786e+00   1.6942494e+00
   3.2787520e+00   8.3292598e-01
  -2.0779232e+00  -2.4518806e+00
   5.2413815e+00   3.1054401e+00
  -1.3817464e+00  -7.8335475e-01
   3.0069485e+00   2.6643384e+00
   4.2228183e+00   1.9267939e+00
   5.2496535e+00   2.8062876e+00
  -1.8325266e+00  -1.6288185e+00
  -2.0165507e+00  -1.3031731e+00
   1.3519318e+00   2.5933463e+00
   2.4626074e+00   3.5524885e+00
   2.6032087e+00   2.4021553e+00
  -2.7835166e+00  -1.4886183e+00
   1.8438264e+00   3.0863994e+00
   5.5987167e+00   2.2217979e+00
   2.8148576e+00   1.7021592e+00
  -7.1859867e-01  -3.2065296e+00
   1.8087960e+00   3.7893621e+00
   4.9327518e+00   1.6417657e+00
  -3.0801093e+00  -1.2507755e+00
   3.3055568e+00   2.6208912e+00
   5.0327060e+00   8.4049430e-01
   3.3951196e+00   3.0888302e+00
   6.5916401e+00   2.8610857e+00
   1.8004314e-01  -2.4502034e+00
   2.5350625e+00   9.3402829e-01
   3.1903428e+00   2.1264446e+00
  -1.7486250e+00  -2.7773445e+00
   2.8570869e+00   2.1703391e+00
   6.2108918e+00   3.4572577e+00
  -1.8033292e+00  -2.3632098e-01
  -2.5666117e+00  -1.5283186e+00
  -4.4792896e-01  -3.1405427e+00
   9.9599328e-01  -1.6235012e+00
   6.5955120e+00   2.6425681e+00
  -4.1158197e+00  -3.3243706e+00
   2.4444876e+00   2.3879728e+00
   1.3658666e+00   3.0998011e+00
   3.2637289e+00   2.2248379e+00
   4.3242716e-01  -2.0744515e+00
  -1.9521693e+00  -2.3797582e+00
   2.5350145e+00   1.4194593e+00
   4.5092687e+00   8.0842831e-01
   1.4853304e+00   2.2148864e+00
  -2.0939644e+00  -1.2172934e+00
  -1.5896900e+00  -1.1701510e+00
   5.0873410e+00   2.6554441e+00
   4.8747536e+00   1.3295612e+00
   2.8500589e+00   1.9894559e+00
  -3.2673127e+00  -1.3306732e+00
  -1.5986239e+00  -1.2429664e+00
   6.5922677e+00   2.0176753e+00
   2.9758857e+00   2.7369602e+00
   5.7688769e+00   2.3323461e+00
  -2.9737562e+00  -5.7616978e-03
   3.8576879e+00   1.7465892e+00
  -1.5694615e-01  -3.3850901e+00
  -1.3701920e+00  -2.0065076e+00
   1.9049586e+00  -3.9171123e-01
  -1.3481649e+00  -3.1847068e+00
   2.5918787e+00   1.8759486e+00
  -2.0528996e+00  -3.8339558e+00
  -4.0909293e+00  -2.7754967e+00
  -1.7110610e+00  -2.8972066e+00
   1.5342125e+00   1.4677301e+00
   6.2828056e+00   2.0301270e+00
   4.1352340e+00   2.4060876e+00
   5.1098145e-01   2.6859936e+00
  -3.9715932e-01  -3.5692322e+00
  -3.4029522e+00  -1.5574649e+00
  -2.4991684e+00  -2.7757053e+00
   2.6421388e+00   3.3810008e+00
  -1.7568224e+00  -4.3898532e+00
   5.8739022e+00   2.0361233e+00
   4.2023474e+00   1.7800536e+00
   5.6116264e+00   1.2540702e+00
   6.8478927e+00   2.7539066e+00
  -2.9127439e+00  -2.7575538e+00
  -2.2585241e+00  -1.8558688e+00
   7.7600967e+00   1.6761510e+00
   4.3360323e+00   2.9700387e+00
  -1.7951233e+00  -1.4136935e+00
   4.8124827e+00   6.4463527e-01
   7.1222177e-01   2.1953975e+00
  -2.4320640e-01  -1.2407047e+00
  -8.0112146e-01  -2.7303940e+00
  -1.5226212e+00  -1.8982596e+00
  -4.7349074e+00  -1.8622619e+00
   1.8193371e+00   2.3862785e+00
   2.0549276e+00   1.5802516e+00
  -2.8758608e+00  -1.6566240e+00
  -1.8600592e+00  -2.3762733e+00
   3.3490205e+00  -1.2838927e-02
   3.3609741e+00   4.1014225e+00
   2.0124414e+00   2.1947946e+00
  -1.3212261e+00  -2.5286839e+00
  -1.2239837e+00  -1.9931043e+00
   3.8665115e-02   3.4691287e+00
  -1.8693576e+00  -1.9881474e+00
  -2.1987195e+00  -3.0892039e+00
  -2.2995107e+00  -7.6966642e-01
   7.2811509e+00   2.3135713e+00
   1.4372221e+00   2.3685537e+00
   4.3896163e+00   2.4649458e+00
   2.3726193e+00   3.1477915e+00
  -2.6643536e+00  -1.1824730e+00
  -1.1162102e+00  -7.2609838e-01
  -1.5529929e+00  -1.8387767e+00
   1.6737492e+00   3.0014182e+00
  -1.1327747e+00  -3.2351956e+00
   6.7518140e-01   6.5996495e-01
  -2.6462711e+00  -7.4863766e-01
   5.0156858e+00   1.6866509e+00
   3.0997292e+00   1.8677165e+00
   6.4444403e+00   2.5891632e+00
   6.0345961e+00   2.8781343e+00
  -2.6857323e+00  -1.5482912e+00
  -3.5478026e+00  -1.3247679e+00
   1.3649252e+00   1.7154255e+00
   5.2810175e+00   1.5598982e+00
  -2.0915645e+00  -2.1010662e+00
   3.1710999e+00   6.1037217e-01
  -2.4738922e+00  -2.0369627e+00
   5.5572440e+00   2.3737379e+00
  -3.3601217e+00  -1.1586387e+00
   2.2681715e+00   2.4878402e+00
  -2.6192936e+00  -2.9504391e+00
   1.6692161e+00   2.2168559e+00
   3.5014067e-01   1.9775391e+00
   6.5481035e-01   9.0926113e-01
   6.6581621e+00   2.4821772e+00
   4.2467833e-01   3.3086498e+00
   3.1508894e+00   1.3971977e+00
   3.3425398e+00   2.6306079e+00
  -1.0044463e+00  -2.6402017e+00
   1.2369040e+00   2.0610752e+00
  -8.5105237e-01  -4.4953935e-01
  -2.3858146e+00  -1.4734005e+00
  -3.5754989e+00  -1.7395933e+00
   1.2370041e+00   2.2051790e-01
  -1.3093849e+00  -1.5873090e+00
   5.7352430e+00   1.6862697e+00
   4.2112157e+00   1.8588849e+00
  -1.7344042e+00  -1.9218289e+00
  -1.3723126e+00  -2.5525778e+00
   2.1106759e+00   3.3192106e+00
   5.4908397e+00   1.5858314e+00
   2.7828103e-01  -2.1715733e+00
   6.9158429e+00   2.8988950e+00
  -1.1746579e+00  -4.4418387e+00
   3.0746786e+00   2.7838464e+00
   2.2651872e+00   8.5920009e-01
   1.4065416e+00   1.9236371e+00
   6.8182019e-01   2.3016961e+00
  -2.3125197e-01  -3.0789281e+00
   3.2047325e+00   1.2143049e+00
  -1.7353194e+00  -2.0318239e+00
  -2.8199719e+00  -1.5534711e+00
  -1.5699463e+00  -2.2418926e+00
  -2.4317935e+00  -2.6452710e+00
   4.5893952e+00   2.1766927e+00
  -3.1132758e+00  -1.6704567e+00
  -6.7981394e-01   3.3424034e+00
  -1.0639152e+00  -3.6647211e+00
   1.1326919e+00   3.6767640e-01
  -2.0021408e+00  -1.6658059e+00
   4.7343973e+00   1.4704938e+00
  -2.5376659e+00  -1.4048132e+00
  -3.1824944e+00  -3.6939732e+00
   2.5071186e+00   9.9617343e-01
   4.5914803e+00   2.5562702e+00
   2.7189070e+00   3.4356026e+00
   1.8906606e+00   2.0851253e+00
   2.0243317e+00   1.1310000e+00
  -1.1861400e-01   1.1025792e+00
   1.6805561e+00   2.5655521e+00
   4.6971566e+00   3.1773509e+00
  -1.3900372e+00  -1.3344295e+00
  -1.7357209e+00  -1.8007349e+00
  -7.5389122e-01  -2.1010629e+00
   8.5747809e-01   2.5460413e+00
  -2.3293601e+00  -1.4440225e+00
   2.3789533e+00  -9.8531413e-02
   1.5616275e+00   1.5028541e+00
   5.8639377e+00   6.6735630e-01
   4.2962955e+00   2.7661664e+00
   7.4478187e-01  -1.5974044e+00
  -2.2087872e+00  -1.5249643e+00
  -2.4242362e+00  -2.8709667e+00
   2.8045311e+00   2.9544110e+00
  -2.2144381e+00  -2.1378715e+00
   6.3760686e+00   2.0381179e+00
  -2.2276472e+00  -3.4561969e+00
   4.4260188e+00   1.3133545e+00
  -1.1934616e+00  -2.1540035e-01
   5.1193052e+00   2.3241574e+00
   5.7931467e-01   1.7298188e+00
  -2.9258927e+00  -3.0651093e+00
  -1.2626153e+00  -3.7996631e+00
   2.4105174e+00   3.3957250e+00
   2.7618736e+00   1.9146330e+00
  -2.5950854e+00  -2.3939689e+00
   2.4091698e+00   1.6486051e+00
   1.4969374e+00   2.4827479e+00
  -1.5576791e+00  -3.2912797e+00
   5.4330610e+00   5.0620004e-01
   6.8186683e+00   2.4776288e+00
   1.8769401e+00   1.7956217e+00
  -2.3915707e+00  -3.8886906e+00
  -9.8310686e-01  -1.6977712e+00
   3.4463040e+00   1.9080894e+00
   4.2580333e-01   1.6296708e+00
   5.5128178e+00   2.1297598e+00
   2.8032933e+00   5.2174178e-01
   3.4722389e+00   1.7950746e+00
   2.2068858e+00   3.0709073e+00
   2.2170156e+00   1.9990103e+00
   9.4978063e-01   1.5568074e+00
   4.1642177e+00   1.7483857e+00
  -2.2738251e+00  -5.9522270e-01
  -1.7804464e+00  -2.4479328e+00
  -2.7581671e+00  -9.5097305e-01
   7.5495678e+00   2.4752287e+00
   6.1076054e+00   1.4218053e+00
   2.1174224e+00   1.4366938e+00
   3.4023449e+00   2.3528377e+00
   2.0731719e+00   9.9266076e-01
  -1.2951720e+00  -7.0619755e-01
   1.9126344e+00   5.9583890e-01
   3.7093155e-01   1.3299061e+00
   1.2551081e+00   1.1251417e+00
  -3.8847843e+00  -2.4311839e+00
   1.9545908e+00   7.5825859e-01
   5.3625632e+00   2.6314616e+00
  -2.0259948e+00  -4.0996955e-01
  -2.3084507e+00  -2.1823592e+00
  -1.9722856e+00  -1.0826677e+00
   3.5621818e+00   1.4807573e+00
   3.1617840e+00   1.9031029e+00
  -2.7103777e+00  -3.0612557e+00
   3.7145682e+00   2.5282037e+00
  -1.7861028e+00  -1.3862791e+00
   9.8868699e-01   1.7462491e+00
   6.6248567e-01   2.9860802e+00
  -1.7250735e+00  -1.5229522e+00
   3.1649640e+00   3.3429418e+00
   5.5393429e+00   1.8885584e+00
   2.5942969e-01   2.6535413e+00
   2.6898765e+00   1.1052570e+00
  -2.5326783e+00  -3.5943739e+00
   2.9108776e+00   3.5699301e+00
   9.9306041e-01  -7.9708535e-01
  -2.7607915e+00  -1.6999209e+00
  -1.4896643e+00  -2.2681179e+00
   2.6880698e+00   7.9630296e-01
  -9.5405962e-01  -4.8096045e+00
   4.2340457e+00   4.5629208e-01
   1.7410059e+00   2.2287721e+00
  -1.9215021e+00  -1.8389407e+00
  -1.0217773e+00  -1.2737503e+00
   6.0506298e+00   2.8754346e+00
   1.8850028e+00   2.2155941e+00
  -1.8803911e+00  -1.8071268e+00
   5.1833919e+00   2.6054601e+00
   1.8465006e+00   8.3046516e-01
   4.7313607e+00   2.0432052e+00
   3.7838739e+00   1.2443644e+00
   2.0740683e+00   2.0156737e+00
   8.3496241e-01   1.3817560e+00
  -2.1980970e+00  -2.4548621e+00
   3.1272661e+00   1.8511350e+00
   7.7520697e+00   1.7205039e+00
  -2.8343226e+00  -1.1777070e+00
   2.8787765e+00   1.8851902e+00
   1.0898334e+00   1.6282213e+00
  -2.4872845e+00  -1.9919345e+00
   6.0489691e+00   2.4769651e+00
   1.4036639e-03  -3.4155375e+00
  -1.8695856e+00  -2.1665292e+00
   5.5434789e-01   1.3925160e+00
  -9.6800908e-01  -1.5120506e+00
   2.0737714e+00   1.4371326e+00
   5.9216172e+00   1.9225707e+00
   6.9382198e+00   2.2478089e+00
   2.9197588e+00   3.0351492e+00
  -1.8901914e+00  -8.6238453e-01
  -2.4073541e+00  -2.1060745e+00
   2.5100685e+00   3.6498514e+00
  -1.3380277e+00  -2.4186232e+00
  -4.8363070e+00  -1.6232126e-01
   1.8959072e+00   1.6763644e+00
   2.9022519e+00   4.0744018e+00
   7.5415506e-01   2.0811586e+00
  -3.6021122e+00  -1.0948918e+00
   4.2855107e+00   1.7144213e+00
   5.3916293e+00   3.1880796e+00
