  -1.3325931e+00  -1.0502436e+00
   5.5722869e-01   8.2780465e-01
  -2.6267673e+00  -9.9889695e-01
   4.9403005e+00   4.9173119e-02
  -1.7106179e+00  -3.2947929e+00
  -7.2420524e-01  -1.9041458e+00
  -1.8588283e+00  -1.0161215e+00
   4.9068356e+00   2.6737219e+00
   3.4286543e+00   3.9643464e+00
   1.1300596e+00   6.7564238e-01
   1.2398297e+00   4.4195239e-02
   1.5075190e+00   1.2001907e+00
   6.0088307e+00   6.3509405e-01
   2.5472522e+00  -2.7357444e-01
   2.8140277e+00   3.5606112e+00
  -9.0467145e-01  -1.8928218e+00
  -1.4989795e+00  -2.8371937e+00
  -3.2158934e+00  -2.9975719e+00
   1.3646641e+00   2.8100240e+00
  -1.2177250e+00  -2.3265133e+00
  -1.6090891e+00  -2.5764102e+00
   4.1961229e+00   2.3910149e+00
  -3.0188517e+00  -2.1502052e+00
  -1.5607045e+00  -2.3364167e+00
   4.1771369e+00   1.9335496e+00
   6.7802201e+00   1.9594504e+00
   2.0112604e+00   2.9229774e-01
  -1.5875499e+00  -2.0125070e+00
   5.6935206e+00   2.9040142e+00
   6.2342038e-01   1.2484337e+00
   3.3315878e+00   2.7434295e+00
   1.4160768e+00   6.5249962e-01
   2.6156515e+00   2.6043030e+00
   3.1395737e+00   3.1308570e+00
  -2.9175607e+00  -9.4366231e-01
  -3.3513901e+00  -1.2423318e+00
   6.4789876e+00   1.7052939e+00
   5.6914544e+00   3.2644424e+00
  -1.7276079e+00  -1.9035925e+00
  -1.5043003e+00  -2.8614164e+00
   3.5596473e+00   1.7043305e+00
  -2.7176757e+00  -2.6001410e+00
  -2.0545138e+00  -2.6895190e+00
   2.5125468e+00   1.2786658e+00
   4.6399206e+00   1.6398828e+00
  -2.7806085e+00  -1.8019162e-01
   3.3974722e+00   3.4237221e+00
   2.1249337e+00   2.6288646e+00
  -1.7020515e+00  -3.1037045e+00
  -5.7000370e-02  -3.2850691e+00
  -1.4920176e+00  -4.6539690e-02
  -1.9876649e+00  -3.3933886e+00
   1.6970530e+00   1.8077811e+00
   1.5621725e+00   2.6917392e+00
   5.4329705e+00   1.5589289e+00
  -7.8739988e-01  -1.2039540e+00
  -9.5557376e-01  -2.4762085e+00
   3.4030126e+00   9.4398266e-01
   3.1617738e+00   1.2627930e+00
   1.1393565e+00   1.6324850e+00
   4.4008814e+00   2.0927756e+00
   6.5156509e-01   2.5681673e+00
  -2.4898435e+00  -6.3324799e-01
   4.3452522e-01   6.4936970e-01
   7.8681558e-01   2.9413053e+00
   3.3058198e+00   1.4097578e+00
   1.4341486e+00   2.2222341e+00
  -2.2818695e+00  -1.6232818e+00
   1.4631325e+00   2.1522050e+00
  -8.6484551e-01  -3.9508882e-01
  -2.9301617e+00  -2.9505418e+00
   4.2613321e+00   2.1406826e+00
   6.5187955e+00   1.8131542e+00
   5.5194237e+00   1.5683375e+00
  -1.4380206e+00  -3.2170771e+00
   2.1280523e+00   2.9108213e+00
   4.3373071e+00   1.0579399e+00
   7.3031013e+00   2.7667940e+00
   5.7940156e+00   3.2352986e+00
  -1.0807735e+00  -2.4756064e+00
   3.2665361e+00  -5.5690780e-01
  -5.4387933e-01  -1.3732958e+00
  -1.7443017e+00  -4.6936614e+00
  -4.1400394e-01  -3.6597147e+00
   1.7998794e+00   1.7168185e+00
   2.0606047e+00   3.1237687e+00
   6.2029229e+00   1.9014220e+00
  -2.1841348e+00  -1.4556467e+00
   2.6423179e+00   6.1893958e-01
   3.5535306e+00   1.8330496e+00
   5.5782503e+00   1.2487701e+00
   6.7437295e+00   2.7353413e+00
   2.7883802e+00   7.3168248e-01
  -6.1852815e-01   3.3450568e+00
  -3.0590377e-01  -1.2112325e+00
   4.6849676e+00   1.4434111e+00
  -2.4120515e+00  -1.3672415e+00
  -7.0316003e-01  -1.7175935e+00
   1.7015067e+00   2.2489827e+00
  -1.5109503e-01   2.7547186e+00
   3.2349136e+00   3.4358491e+00
   2.2161951e+00   2.3939500e+00
   1.3278147e+00   3.8176275e+00
   5.8683366e+00   1.9381473e+00
   3.7805026e+00   7.1255019e-01
   2.0732568e+00   1.0742264e+00
   7.1602367e+00   3.3682210e+00
   4.8211265e+00   2.4720613e+00
   1.7433929e+00   1.2428173e+00
   5.7715031e+00   2.0526683e+00
   5.1562254e+00   2.9630938e+00
  -1.8488091e+00  -1.3628563e+00
  -2.5255016e+00  -1.6625947e+00
   2.0572464e+00   3.9495157e-01
  -1.3507856e+00  -4.6591059e-01
  -1.1316776e+00  -3.8413881e+00
  -2.0664880e+00  -2.0526153e+00
  -1.6775954e+00  -3.9675417e+00
   5.3896721e+00   1.6792801e+00
   9.5681306e-01   9.2738122e-01
   5.3857328e+00   2.9740032e+00
   2.1269270e+00   2.3268963e+00
  -1.5515993e+00  -3.1176336e+00
   1.7554011e+00   2.1495540e+00
   4.6314577e+00   1.9158473e+00
  -4.3424788e+00  -2.2943858e+00
   6.6713251e+00   2.4973744e+00
   2.0452715e+00  -3.2720419e-01
   4.3900278e+00   2.2202805e+00
  -2.4317257e+00  -1.5375814e+00
   7.4836792e-02   2.5058585e+00
   1.4697711e+00   2.9437644e+00
  -2.1923947e+00  -2.1081552e+00
   7.3343855e+00   1.9695867e+00
   3.0046824e+00   2.4183562e+00
   5.9832417e+00   1.9035606e+00
  -1.6898610e+00  -2.7214436e+00
  -3.2788136e+00  -3.0209975e+00
  -2.1436772e+00  -8.6424790e-01
   1.7720915e+00   3.3135691e+00
  -1.7342636e+00  -2.9015122e+00
  -1.9901626e+00  -1.3768927e+00
   6.8878382e+00   2.5044240e+00
   3.3295103e+00   1.8377294e+00
   5.4816744e+00   2.9587944e+00
   2.4894711e+00   2.7406063e+00
  -4.1510450e+00  -1.6095686e+00
   4.7528191e+00   2.0806327e+00
   5.9472084e+00   2.4109416e+00
  -1.7182178e+00  -1.0795859e+00
   3.5064624e+00   3.3316069e+00
   1.1145006e+00   1.9121391e+00
  -3.1580403e+00  -3.0322335e+00
   1.9630810e+00   2.3108230e+00
  -2.9725867e+00  -3.4164275e+00
   2.2406999e+00   1.2234638e+00
  -3.0503830e+00  -6.8356439e-01
   4.4320527e+00   1.5336284e+00
   6.8258753e-01   1.2057705e+00
   5.5068953e+00   2.1370994e+00
   6.3454540e+00   2.0865315e+00
   2.7841441e+00   2.6453732e+00
  -2.4746201e+00  -2.4760717e+00
   7.0350057e+00   2.6232740e+00
  -3.8463362e+00  -1.2334404e+00
  -3.3872308e+00  -1.5691230e+00
   4.8735547e+00   2.7519564e+00
   6.2774731e-01   4.0698539e-01
   1.7923765e+00   2.6780506e+00
  -1.1551668e+00  -1.9845186e+00
  -3.0964690e+00  -3.2948903e+00
   1.5229812e+00   1.4283865e+00
  -2.2746606e+00  -1.8286088e+00
  -1.4867455e+00   2.9726646e-01
   2.0318566e+00   2.0259731e+00
  -2.1675909e+00  -1.2105189e+00
   2.7032431e+00   2.7758243e+00
  -1.5988821e-01  -2.6949518e+00
  -2.2745054e+00  -1.7246911e+00
   1.4290232e-01  -1.9245399e+00
  -1.9310597e+00   5.1804087e-01
   7.3268909e-02  -1.3401190e+00
   5.2347198e+00   1.5371367e+00
  -3.0995209e+00  -1.8304736e+00
  -2.7722610e+00  -2.4883069e+00
   2.0991537e+00   1.0510493e+00
   1.1663269e+00   2.4108332e+00
   3.4318157e+00   2.9267340e+00
  -3.8326169e+00  -2.5611350e+00
   5.3965107e+00   1.8434195e+00
   5.9306246e+00   1.6985211e+00
   5.5834555e+00   1.4062683e+00
   4.2896672e+00   9.5656211e-01
  -2.2300763e+00  -2.7155174e+00
   5.3168263e-01   1.3529567e+00
   3.4710068e+00   2.3748205e+00
   2.1381163e+00   2.5106537e+00
  -2.7543303e+00  -1.5882087e+00
   2.2308009e+00   2.1177726e+00
   3.4452907e+00   7.4033091e-01
   3.2733309e-01   9.1555320e-01
  -2.1155956e+00  -2.9632755e+00
   2.4972235e+00   1.8770418e+00
  -1.5338997e+00  -3.8857918e+00
   6.3445590e+00   2.7906075e+00
  -1.9781348e+00  -2.6720547e+00
  -1.6134985e+00  -3.1018124e+00
   6.0791105e+00   1.9368136e+00
   4.6620361e+00   1.5364055e+00
  -3.0672237e+00  -2.5408953e+00
   2.8508801e+00   1.5972268e+00
   3.6346366e+00   3.4273575e+00
  -3.5810655e+00  -2.6879501e+00
   6.0934356e+00   1.2881060e+00
   3.1845242e+00   6.0683456e-02
  -1.1476472e+00  -4.7141669e+00
   5.3744983e-01   1.6649482e+00
  -3.1448180e+00  -2.2792899e+00
  -1.3156042e+00  -1.3162142e+00
  -2.0513856e+00  -2.2045294e+00
   7.0444917e+00   2.2162988e+00
  -2.2379477e+00  -1.0830153e+00
  -2.8168416e+00  -2.1592537e+00
  -2.1691185e+00  -1.3752226e+00
  -3.3162929e-02  -4.4323088e-01
   3.2481361e-01   4.7599107e-01
   2.7726979e-01   1.5572813e+00
   5.3719723e+00   2.1705835e+00
   2.3247756e+00   2.5126313e+00
   5.2410695e+00   2.7885966e+00
   1.1596460e+00   1.0618224e+00
  -2.3182828e+00  -3.9010612e+00
   1.0452887e+00   1.0826346e+00
  -3.3609862e+00  -2.3931632e+00
  -3.1002950e-01  -8.9811535e-01
  -2.5709483e+00  -3.4080495e+00
   7.1888856e-01   4.3098509e+00
   2.3658364e+00   3.3956068e+00
   7.3865821e-01   2.5613913e+00
  -2.1172470e+00  -5.7848823e-01
   2.8630860e+00   2.9725810e+00
   1.2173767e+00   2.1287616e+00
   1.8165219e+00   1.9914441e+00
   2.1960392e+00   1.6953209e+00
   3.1428012e+00   1.8171690e+00
  -2.2197637e+00  -3.7392451e+00
   6.4700657e+00   2.1255404e+00
   1.4362148e+00   2.3823904e+00
   3.2513684e-01   1.7892337e+00
   2.1320461e+00   1.6763806e+00
   5.0980651e+00   2.2876080e+00
  -2.6524374e-01  -2.6489154e+00
  -1.4805083e+00  -1.8662872e+00
  -2.6668510e+00  -3.7670703e+00
   4.9338389e+00   2.4251349e+00
  -1.1216973e+00  -2.2919677e+00
   3.9943173e+00   1.4022377e+00
  -1.0191839e+00  -4.9101192e-01
  -8.9353290e-01  -3.3086347e+00
  -1.8231151e+00  -3.1407115e+00
   5.6441476e+00   2.2268458e+00
  -7.5055518e-01  -1.0663244e+00
  -6.7897105e-01  -3.0855269e+00
   2.6396552e+00   1.1889669e+00
  -1.4466441e+00  -1.3445362e+00
   3.3675465e-01   6.0148167e-01
   4.9164812e+00   2.9268265e+00
  -2.9974122e+00  -2.2136378e+00
   6.5938276e+00   2.9503680e+00
   6.0197906e+00   7.5232144e-01
  -2.6396820e+00  -2.3316717e+00
   2.8541016e+00   2.8938054e+00
   9.5948988e-01   1.2830673e+00
   3.3966963e+00   1.0092809e+00
   3.7957357e-01   2.9677397e+00
   2.7516096e+00   8.2973388e-01
  -3.3604837e+00  -1.0424045e+00
   6.8777413e+00   2.3890706e+00
  -2.0074029e+00  -1.9463846e+00
   1.9879144e+00   2.6450669e+00
   9.6213156e-01   1.7576006e+00
  -3.6007835e+00  -9.6577302e-01
   9.9298010e-01   3.1557621e+00
   1.3347578e+00  -4.1990728e-01
  -3.0973592e+00  -1.7520841e+00
  -2.2389176e+00  -2.9052016e+00
  -1.7662943e+00  -2.1914007e+00
  -1.0610639e+00  -2.7178146e+00
   2.1792338e+00   1.0593997e+00
   2.0346388e+00   2.1612456e+00
  -2.2559415e+00  -2.6843667e+00
   4.9202852e+00   2.5238115e+00
   4.8812081e+00   2.5253003e+00
   2.4743312e+00   2.5753531e+00
  -2.1752139e+00  -8.4921991e-01
   1.4887297e+00   2.1124804e+00
  -7.6382855e-01  -3.8248776e-01
  -1.4834347e+00  -1.5839021e+00
  -1.7512835e+00  -2.0583771e+00
  -3.6004575e+00  -1.3226670e+00
   2.8569174e+00   1.8434239e+00
  -4.2161818e-01  -2.5829962e+00
   3.0072464e-01   2.1763476e+00
   4.7411149e+00   1.9177078e+00
   1.7267084e+00   1.1294593e+00
   6.3142457e+00   2.4222864e+00
  -1.1153779e+00  -3.5243877e+00
   5.3134072e+00   2.9772846e+00
   1.9525175e+00   1.8473472e+00
   2.2420194e+00   2.6138156e+00
   1.7546547e+00   2.2986197e+00
   3.2358090e+00   3.8155603e+00
  -6.7270446e-01  -1.6381118e+00
   1.3690429e+00   6.4089643e-01
   4.4346546e+00   2.7539361e+00
   4.2865501e+00   2.3615187e+00
   1.8418540e+00   1.9271875e+00
  -2.7951654e+00   5.3250620e-01
  -2.6775734e+00  -4.7850670e-01
   7.9805205e-03  -1.9833498e+00
   1.5737054e-01   2.2464071e+00
   2.2650054e+00   1.2450192e+00
  -6.1560779e-02  -1.3189100e+00
   5.3128268e+00   2.0604898e+00
  -1.8207784e+00  -7.0030820e-01
  -1.8093426e+00  -4.6074079e-01
   2.3305341e+00   1.7125606e+00
   5.3013763e+00   1.8166775e+00
   6.5191268e-01   4.8953553e-01
  -9.4642734e-01  -2.4047641e+00
   5.8906370e+00   2.6577414e+00
   6.6602809e+00   1.7503849e+00
   5.6038330e-01   1.0569254e+00
  -2.4012285e+00  -1.1491019e+00
   3.3308043e+00   1.5990324e+00
   6.5111891e+00   2.3669756e+00
   4.6096551e+00   1.1387835e+00
  -2.7446667e+00  -1.9245802e+00
   1.8484500e+00   2.6664745e+00
  -1.3131776e+00  -4.4699165e+00
   6.3107255e-01   2.5038349e+00
   7.0611984e+00   3.6759391e+00
  -2.0173063e+00  -7.6049614e-01
  -3.3152879e+00  -1.4974869e+00
   1.9233337e+00   1.1702120e+00
  -1.3032147e+00  -2.3164770e+00
   3.2008246e+00   8.8996631e-01
  -8.8634608e-02   1.2953765e+00
  -3.2261810e+00  -2.3704651e+00
   3.8816015e-01   3.5302161e+00
   6.3597373e+00   2.5962004e+00
   8.2839233e-01   1.9411451e+00
   1.7730449e+00   2.5185498e+00
   5.5689227e+00   1.7456395e+00
   2.3594268e+00   2.2689837e+00
   2.4359185e+00   1.5147841e+00
   1.8159435e+00   3.2264026e+00
   4.4655100e+00   1.9205469e+00
   6.2121875e+00   1.8272585e+00
   2.2534655e+00   1.7700316e+00
   6.0851653e+00   2.7759170e+00
   5.4178087e-01   2.0265741e+00
   1.9149600e+00   3.5652913e+00
   5.4690010e+00   3.5080081e+00
  -1.5154466e+00  -2.0031936e+00
  -3.0518111e+00  -1.6864006e+00
   7.1505982e+00   2.6243145e+00
  -1.4310023e+00  -7.2694518e-02
   3.4441700e+00   7.2979519e-01
   2.2586605e+00   2.4203298e+00
   2.4575326e+00   2.3936576e+00
   1.7603548e+00   1.5279154e+00
  -2.7300901e+00  -2.3411672e+00
   5.2597906e+00   2.9759580e+00
   2.6324672e+00   3.8354236e+00
  -2.2556224e+00  -1.9115937e+00
  -1.1073154e+00  -2.6479553e+00
   1.3712871e+00   7.3792608e-01
   2.9808196e+00   1.3252014e+00
   2.4647230e+00   1.7702772e+00
   1.4571187e+00   2.0065277e+00
  -5.2534071e+00  -1.3095087e+00
   2.5153588e+00   3.3342903e+00
   6.3195638e+00   1.3899589e+00
   2.9012365e+00   1.5221115e+00
  -2.2377670e+00  -6.9213348e-01
  -1.6943789e+00  -2.7608811e+00
  -1.1174157e+00  -2.6713986e+00
  -4.0040783e-01  -2.5857513e+00
   2.4658592e+00   2.4601466e+00
  -5.4797344e-01  -6.7938614e-02
   1.4399615e+00   3.2536434e+00
  -2.2402936e+00  -2.8030138e+00
  -7.8302197e-01  -5.7932853e-01
   1.8548649e+00   2.5725486e+00
  -1.6290439e+00  -2.2915137e+00
   1.5244840e+00   3.5878064e+00
  -1.5617562e+00  -1.7122940e+00
   1.0290597e+00   2.2330415e+00
  -2.6881708e+00  -3.1097137e+00
   3.2263267e+00   2.8192622e+00
   2.4038560e+00   2.3483485e+00
   2.9964904e+00   1.7051276e+00
   3.9536267e-03   2.8005448e+00
  -1.5013725e+00  -2.4828318e+00
  -2.6509401e+00  -1.9004969e+00
  -1.5899183e+00  -3.2627566e+00
   1.3424622e+00   1.1917201e+00
   3.2701321e+00   2.4187502e+00
  -6.4845049e-01  -2.1471715e+00
  -4.0721385e-01   9.5543029e-01
   5.3604419e+00   1.6637294e+00
  -1.6200515e+00  -3.2954823e+00
   5.0194690e+00   2.7018028e-01
   1.7840590e+00   5.7301665e-01
   1.6805509e+00   1.1577301e+00
  -3.1292265e+00  -3.5973309e+00
  -4.3554719e+00  -2.7852686e+00
  -1.6547227e+00  -2.3210299e+00
   3.6139802e+00   1.6606690e+00
   1.5403309e+00   1.3040687e-01
   1.9534117e+00   1.0104486e+00
   5.9469295e+00   2.6051993e+00
   5.1174842e+00   1.8301678e+00
  -9.5676852e-01  -3.1261057e+00
  -2.2785258e+00  -2.7948263e+00
  -1.6329505e+00  -3.0669998e+00
   3.9744854e+00   4.6815170e+00
   6.1373674e+00   1.9578888e+00
   6.1383797e+00   1.3535202e+00
   2.5425378e+00   2.1507442e+00
   2.9856530e+00   1.8247253e+00
   4.6357266e-01   1.5949549e+00
   4.2406934e+00   2.0321415e+00
   2.3578597e+00   3.5136412e+00
  -1.6964922e+00  -7.2983793e-01
   3.2635316e+00   2.6214041e+00
  -2.0917188e+00  -2.3338823e+00
   2.0433572e+00   1.8574631e+00
  -1.8073396e+00  -1.1928900e+00
   1.9897895e+00   2.4599247e+00
   2.1056869e+00   2.6816998e+00
   6.6391347e+00   2.3814013e+00
  -3.0571830e+00  -1.8118959e+00
   2.2865327e+00   2.8169499e+00
   1.5740688e+00   1.0350274e+00
   3.1992923e+00   1.0920887e-01
  -1.5254628e+00  -1.2600204e+00
   1.3784678e+00   8.1118706e-01
  -2.1993905e+00  -3.5086969e+00
   4.5404092e+00   1.0755203e+00
  -1.4973379e+00  -1.7183648e+00
   5.5098122e+00   1.9840360e+00
   6.2441817e-01   2.8164385e+00
  -1.9877254e+00  -1.1701431e+00
   3.6405486e-01   3.2497254e+00
  -1.2762428e+00  -2.8437198e+00
   2.0185949e+00   2.1297961e+00
   2.6254975e+00   2.8484396e+00
  -2.9290358e+00  -1.8687030e+00
  -3.2386112e+00  -7.3736945e-01
   2.2976704e+00   2.9178949e+00
   1.1910519e+00   1.8260655e+00
   5.5532599e+00   2.1047018e+00
   1.9775271e+00   1.6632612e+00
   2.2593913e+00   4.1812332e+00
  -2.7164395e+00  -2.4708411e+00
   2.8273977e+00   1.6354825e+00
   5.2182600e+00   1.8073050e+00
   2.4953615e+00   1.8081617e+00
   1.7020291e+00   2.0206142e+00
   4.1496410e-01   3.6713116e+00
   2.6380250e+00   2.5247304e+00
   3.9759716e+00   1.5251180e+00
   1.3685149e+00   1.5773771e+00
   1.8280322e+00   1.1316178e+00
  -3.0531270e+00  -1.5128021e+00
   6.2471607e+00   1.9733976e+00
   2.4796291e+00   1.0765864e+00
  -3.0855862e+00  -1.1749901e+00
  -2.2596907e+00  -2.3214584e+00
   4.8755381e+00   2.7881132e+00
  -1.2467931e+00  -3.1759361e+00
  -1.4210328e+00  -2.0181667e+00
   4.5815228e+00   9.4779610e-01
   4.1999119e+00   1.6105874e+00
   5.7696144e-01   2.0030093e+00
  -2.2339890e+00  -2.2618001e+00
  -2.0345581e+00   9.7754150e-02
   6.9288994e+00   1.7451812e+00
  -2.2975129e+00  -1.7170443e+00
   2.0035915e+00   1.7849922e+00
   7.1845040e+00   1.9691587e+00
   5.4246876e+00   2.2179121e+00
   3.9443353e+00   2.5645796e+00
  -2.1642275e+00  -3.2043235e+00
   1.5164476e+00   3.0245921e+00
   5.1221004e+00   1.2587857e+00
  -4.2378008e+00  -1.4713446e+00
   2.8408276e+00   4.1147443e+00
